0 11.96540282 11.96543336
0.0004 11.9648509 11.96488143
0.0008 11.96319509 11.96322561
0.0012 11.96043524 11.96046574
0.0016 11.95657111 11.95660157
0.002 11.95160235 11.95163276
0.0024 11.9455285 11.94555886
0.0028 11.93834904 11.93837934
0.0032 11.93006333 11.93009354
0.0036 11.92067061 11.92070075
0.004 11.91017007 11.91020011
0.0044 11.89856077 11.8985907
0.0048 11.88584168 11.8858715
0.0052 11.87201169 11.87204138
0.0056 11.85706958 11.85709915
0.006 11.84101406 11.84104348
0.0064 11.82384372 11.82387299
0.0068 11.80555708 11.80558618
0.0072 11.78615257 11.7861815
0.0076 11.76562851 11.76565726
0.008 11.74398317 11.74401173
0.0084 11.72121471 11.72124307
0.0088 11.69732122 11.69734936
0.0092 11.67230069 11.67232861
0.0096 11.64615105 11.64617874
0.01 11.61887014 11.6188976
0.0104 11.59045573 11.59048294
0.0108 11.56090552 11.56093247
0.0112 11.53021713 11.53024381
0.0116 11.4983881 11.49841451
0.012 11.46541592 11.46544205
0.0124 11.43129802 11.43132385
0.0128 11.39603174 11.39605727
0.0132 11.35961438 11.3596396
0.0136 11.32204318 11.32206808
0.014 11.28331531 11.28333988
0.0144 11.2434279 11.24345214
0.0148 11.20237803 11.20240192
0.0152 11.16016273 11.16018627
0.0156 11.11677899 11.11680216
0.016 11.07222373 11.07224654
0.0164 11.02649388 11.02651631
0.0168 10.9795863 10.97960834
0.0172 10.93149782 10.93151947
0.0176 10.88222525 10.8822465
0.018 10.83176538 10.83178622
0.0184 10.78011497 10.78013539
0.0188 10.72727075 10.72729075
0.0192 10.67322946 10.67324903
0.0196 10.61798781 10.61800693
0.02 10.5615425 10.56156119
0.0204 10.50389025 10.50390848
0.0208 10.44502776 10.44504553
0.0212 10.38495174 10.38496904
0.0216 10.3236589 10.32367573
0.022 10.26114597 10.26116232
0.0224 10.19740971 10.19742558
0.0228 10.13244688 10.13246225
0.0232 10.06625428 10.06626915
0.0236 9.998828721 9.998843089
0.024 9.930167072 9.930180929
0.0244 9.860266226 9.860279567
0.0248 9.789123126 9.789135945
0.0252 9.716734761 9.716747051
0.0256 9.643098173 9.64310993
0.026 9.568210463 9.568221682
0.0264 9.492068797 9.492079471
0.0268 9.414670405 9.414680531
0.0272 9.336012595 9.336022166
0.0276 9.256092749 9.256101762
0.028 9.174908336 9.174916786
0.0284 9.092456913 9.092464795
0.0288 9.008736131 9.008743441
0.0292 8.923743741 8.923750475
0.0296 8.837477599 8.837483753
0.03 8.749935672 8.749941242
0.0304 8.661116044 8.661121026
0.0308 8.571016921 8.57102131
0.0312 8.479636634 8.479640429
0.0316 8.386973653 8.38697685
0.032 8.293026583 8.293029178
0.0324 8.197794176 8.197796167
0.0328 8.101275336 8.101276719
0.0332 8.003469122 8.003469895
0.0336 7.904374759 7.90437492
0.034 7.803991641 7.803991186
0.0344 7.702319335 7.702318263
0.0348 7.599357593 7.599355901
0.0352 7.495106353 7.49510404
0.0356 7.389565749 7.389562813
0.036 7.282736114 7.282732554
0.0364 7.17461799 7.174613803
0.0368 7.065212129 7.065207314
0.0372 6.954519506 6.954514063
0.0376 6.842541321 6.842535248
0.038 6.729279006 6.729272303
0.0384 6.614734234 6.6147269
0.0388 6.498908922 6.498900956
0.0392 6.381805241 6.381796642
0.0396 6.263425618 6.263416387
0.04 6.143772748 6.143762885
0.0404 6.022849598 6.022839103
0.0408 5.900659413 5.900648286
0.0412 5.777205722 5.777193963
0.0416 5.652492347 5.652479958
0.042 5.52652341 5.526510391
0.0424 5.399303336 5.399289687
0.0428 5.270836863 5.270822586
0.0432 5.141129046 5.141114142
0.0436 5.010185266 5.010169736
0.044 4.878011236 4.877995082
0.0444 4.744613006 4.744596229
0.0448 4.609996971 4.609979574
0.0452 4.474169878 4.474151862
0.0456 4.33713883 4.337120199
0.046 4.198911298 4.198892052
0.0464 4.059495118 4.05947526
0.0468 3.918898507 3.918878041
0.0472 3.777130065 3.777108993
0.0476 3.63419878 3.634177105
0.048 3.490114038 3.490091762
0.0484 3.344885625 3.344862753
0.0488 3.198523737 3.198500271
0.0492 3.051038984 3.051014928
0.0496 2.902442396 2.902417753
0.05 2.752745428 2.752720204
0.0504 2.60195997 2.601934167
0.0508 2.450098349 2.450071971
0.0512 2.297173333 2.297146386
0.0516 2.143198143 2.14317063
0.052 1.988186454 1.98815838
0.0524 1.832152398 1.832123767
0.0528 1.675110576 1.675081394
0.0532 1.517076059 1.517046331
0.0536 1.358064392 1.358034123
0.054 1.198091603 1.198060798
0.0544 1.037174205 1.037142868
0.0548 0.875329199 0.8752973371
0.0552 0.7125740837 0.7125417022
0.0556 0.5489268557 0.5488939605
0.056 0.3844060156 0.3843726125
0.0564 0.2190305713 0.2189966664
0.0568 0.05282004251 0.05278564206
0.0572 -0.1142055355 -0.1142404252
0.0576 -0.2820256083 -0.2820609809
0.058 -0.4506190991 -0.450654948
0.0584 -0.619964405 -0.6200007236
0.0588 -0.7900393941 -0.7900761756
0.0592 -0.9608214028 -0.9608586402
0.0596 -1.132287233 -1.132324919
0.06 -1.304413148 -1.304451276
0.0604 -1.477174873 -1.477213436
0.0608 -1.650547592 -1.650586582
0.0612 -1.824505945 -1.824545354
0.0616 -1.999024025 -1.999063847
0.062 -2.174075381 -2.174115607
0.0624 -2.349633013 -2.349673636
0.0628 -2.525669372 -2.525710384
0.0632 -2.702156361 -2.702197753
0.0636 -2.879065331 -2.879107095
0.064 -3.056367083 -3.056409212
0.0644 -3.234031869 -3.234074355
0.0648 -3.412029392 -3.412072226
0.0652 -3.590328804 -3.590371977
0.0656 -3.768898709 -3.768942213
0.066 -3.947707164 -3.94775099
0.0664 -4.126721681 -4.126765821
0.0668 -4.305909228 -4.305953672
0.0672 -4.485236229 -4.485280969
0.0676 -4.664668572 -4.664713599
0.068 -4.844171606 -4.84421691
0.0684 -5.023710146 -5.023755719
0.0688 -5.203248476 -5.203294309
0.0692 -5.382750357 -5.38279644
0.0696 -5.562179021 -5.562225346
0.07 -5.741497187 -5.741543743
0.0704 -5.920667056 -5.920713834
0.0708 -6.099650322 -6.099697313
0.0712 -6.278408176 -6.27845537
0.0716 -6.45690131 -6.456948697
0.072 -6.635089923 -6.635137495
0.0724 -6.812933731 -6.812981477
0.0728 -6.990391971 -6.990439882
0.0732 -7.167423408 -7.167471473
0.0736 -7.343986342 -7.344034551
0.074 -7.520038619 -7.520086963
0.0744 -7.695537636 -7.695586106
0.0748 -7.870440353 -7.870488938
0.0752 -8.044703298 -8.044751988
0.0756 -8.21828258 -8.218331365
0.076 -8.391133898 -8.391182767
0.0764 -8.563212548 -8.563261492
0.0768 -8.734473439 -8.734522448
0.0772 -8.904871102 -8.904920166
0.0776 -9.074359699 -9.074408808
0.078 -9.242893039 -9.242942182
0.0784 -9.410424587 -9.410473753
0.0788 -9.576907477 -9.576956658
0.0792 -9.742294528 -9.742343713
0.0796 -9.906538256 -9.906587434
0.08 -10.06959088 -10.06964005
0.0804 -10.23140436 -10.2314535
0.0808 -10.39193039 -10.39197948
0.0812 -10.55112039 -10.55116944
0.0816 -10.7089256 -10.70897459
0.082 -10.86529701 -10.86534594
0.0824 -11.02018543 -11.02023428
0.0828 -11.17354148 -11.17359024
0.0832 -11.32531562 -11.32536428
0.0836 -11.47545816 -11.47550671
0.084 -11.6239193 -11.62396773
0.0844 -11.77064911 -11.77069742
0.0848 -11.91559759 -11.91564575
0.0852 -12.05871464 -12.05876265
0.0856 -12.19995013 -12.19999798
0.086 -12.3392539 -12.33930158
0.0864 -12.47657577 -12.47662328
0.0868 -12.61186558 -12.61191289
0.0872 -12.74507318 -12.74512029
0.0876 -12.87614849 -12.8761954
0.088 -13.00504151 -13.0050882
0.0884 -13.13170232 -13.13174878
0.0888 -13.25608113 -13.25612735
0.0892 -13.37812827 -13.37817425
0.0896 -13.49779428 -13.49783999
0.09 -13.61502983 -13.61507528
0.0904 -13.72978586 -13.72983103
0.0908 -13.84201351 -13.84205839
0.0912 -13.95166419 -13.95170877
0.0916 -14.0586896 -14.05873388
0.092 -14.16304175 -14.16308571
0.0924 -14.26467298 -14.26471662
0.0928 -14.363536 -14.3635793
0.0932 -14.45958391 -14.45962687
0.0936 -14.55277021 -14.55281282
0.094 -14.64304886 -14.64309111
0.0944 -14.73037428 -14.73041616
0.0948 -14.81470137 -14.81474287
0.0952 -14.89598557 -14.89602668
0.0956 -14.97418285 -14.97422357
0.096 -15.04924978 -15.04929009
0.0964 -15.12114351 -15.12118341
0.0968 -15.18982184 -15.18986131
0.0972 -15.2552432 -15.25528224
0.0976 -15.31736674 -15.31740534
0.098 -15.37615229 -15.37619045
0.0984 -15.43156046 -15.43159816
0.0988 -15.4835526 -15.48358984
0.0992 -15.53209088 -15.53212764
0.0996 -15.57713827 -15.57717455
0.1 -15.61865862 -15.61869442
0.1004 -15.65661666 -15.65665196
0.1008 -15.69097802 -15.69101282
0.1012 -15.72170927 -15.72174356
0.1016 -15.74877797 -15.74881174
0.102 -15.77215265 -15.7721859
0.1024 -15.79180287 -15.79183559
0.1028 -15.80769926 -15.80773143
0.1032 -15.8198135 -15.81984513
0.1036 -15.8281184 -15.82814948
0.104 -15.8325879 -15.83261841
0.1044 -15.83319709 -15.83322704
0.1048 -15.82992226 -15.82995164
0.1052 -15.82274092 -15.82276971
0.1056 -15.8116318 -15.81166001
0.106 -15.79657492 -15.79660254
0.1064 -15.7775516 -15.77757862
0.1068 -15.75454445 -15.75457087
0.1072 -15.72753744 -15.72756325
0.1076 -15.69651593 -15.69654112
0.108 -15.66146664 -15.66149122
0.1084 -15.62237774 -15.62240168
0.1088 -15.57923881 -15.57926213
0.1092 -15.53204093 -15.53206361
0.1096 -15.48077664 -15.48079868
0.11 -15.42544001 -15.4254614
0.1104 -15.36602663 -15.36604737
0.1108 -15.30253365 -15.30255373
0.1112 -15.23495979 -15.23497921
0.1116 -15.16330538 -15.16332413
0.112 -15.08757234 -15.08759042
0.1124 -15.00776423 -15.00778164
0.1128 -14.92388628 -14.92390301
0.1132 -14.83594535 -14.83596141
0.1136 -14.74395004 -14.7439654
0.114 -14.64791059 -14.64792526
0.1144 -14.54783899 -14.54785298
0.1148 -14.44374897 -14.44376226
0.1152 -14.33565599 -14.33566858
0.1156 -14.22357725 -14.22358914
0.116 -14.10753175 -14.10754294
0.1164 -13.98754027 -13.98755075
0.1168 -13.86362535 -13.86363512
0.1172 -13.73581136 -13.73582042
0.1176 -13.60412447 -13.60413282
0.118 -13.46859267 -13.4686003
0.1184 -13.32924576 -13.32925267
0.1188 -13.18611539 -13.18612158
0.1192 -13.03923503 -13.03924049
0.1196 -12.88863998 -12.88864472
0.12 -12.7343674 -12.73437142
0.1204 -12.57645628 -12.57645957
0.1208 -12.41494745 -12.41495002
0.1212 -12.24988359 -12.24988543
0.1216 -12.08130921 -12.08131032
0.122 -11.90927065 -11.90927103
0.1224 -11.73381611 -11.73381576
0.1228 -11.5549956 -11.55499452
0.1232 -11.37286094 -11.37285913
0.1236 -11.18746578 -11.18746324
0.124 -10.99886557 -10.9988623
0.1244 -10.80711757 -10.80711357
0.1248 -10.61228079 -10.61227606
0.1252 -10.41441604 -10.41441058
0.1256 -10.21358589 -10.2135797
0.126 -10.00985464 -10.00984772
0.1264 -9.803288312 -9.803280671
0.1268 -9.59395466 -9.593946294
0.1272 -9.381923115 -9.381914026
0.1276 -9.167264784 -9.167254974
0.128 -8.950052425 -8.950041895
0.1284 -8.730360426 -8.730349177
0.1288 -8.508264777 -8.508252813
0.1292 -8.283843051 -8.283830374
0.1296 -8.057174375 -8.057160986
0.13 -7.828339402 -7.828325305
0.1304 -7.597420284 -7.59740548
0.1308 -7.364500638 -7.364485131
0.1312 -7.129665523 -7.129649316
0.1316 -6.893001398 -6.892984493
0.132 -6.654596094 -6.654578496
0.1324 -6.414538778 -6.41452049
0.1328 -6.172919916 -6.172900941
0.1332 -5.929831235 -5.929811578
0.1336 -5.685365687 -5.685345351
0.134 -5.439617406 -5.439596395
0.1344 -5.192681667 -5.192659986
0.1348 -4.944654846 -4.944632499
0.1352 -4.695634375 -4.695611366
0.1356 -4.445718697 -4.445695032
0.136 -4.195007221 -4.194982904
0.1364 -3.943600275 -3.943575311
0.1368 -3.691599057 -3.691573452
0.1372 -3.439105588 -3.439079347
0.1376 -3.18622266 -3.186195789
0.138 -2.933053785 -2.933026289
0.1384 -2.679703143 -2.679675027
0.1388 -2.426275528 -2.426246799
0.1392 -2.172876297 -2.172846962
0.1396 -1.919611311 -1.919581375
0.14 -1.666586881 -1.666556351
0.1404 -1.413909711 -1.413878592
0.1408 -1.161686839 -1.161655139
0.1412 -0.910025579 -0.9099933053
0.1416 -0.6590334646 -0.6590006237
0.142 -0.4088181842 -0.4087847832
0.1424 -0.159487523 -0.1594535694
0.1428 0.08885069885 0.08888519784
0.1432 0.3360886889 0.3361237256
0.1436 0.5821187445 0.5821543112
0.144 0.8268333164 0.8268694053
0.1444 1.070125072 1.070161676
0.1448 1.311886962 1.311924071
0.1452 1.55201228 1.552049887
0.1456 1.790394732 1.790432829
0.146 2.026928502 2.02696708
0.1464 2.261508315 2.261547365
0.1468 2.494029504 2.494069017
0.1472 2.724388076 2.724428044
0.1476 2.95248078 2.952521194
0.148 3.178205173 3.178246022
0.1484 3.401459682 3.401500959
0.1488 3.622143679 3.622185373
0.1492 3.840157539 3.840199641
0.1496 4.055402712 4.055445213
0.15 4.267781788 4.267824678
0.1504 4.477198561 4.47724183
0.1508 4.683558097 4.683601736
0.1512 4.8867668 4.886810798
0.1516 5.086732475 5.086776821
0.152 5.283364393 5.283409078
0.1524 5.476573358 5.476618372
0.1528 5.666271769 5.666317101
0.1532 5.852373681 5.85241932
0.1536 6.034794873 6.034840808
0.154 6.213452904 6.213499125
0.1544 6.388267178 6.388313674
0.1548 6.559159004 6.559205764
0.1552 6.726051653 6.726098667
0.1556 6.888870422 6.888917678
0.156 7.047542685 7.047590171
0.1564 7.201997953 7.20204566
0.1568 7.352167933 7.352215848
0.1572 7.497986575 7.498034687
0.1576 7.639390132 7.639438429
0.158 7.776317208 7.776365679
0.1584 7.908708811 7.908757445
0.1588 8.036508402 8.036557187
0.1592 8.159661943 8.159710867
0.1596 8.278117942 8.278166993
0.16 8.391827502 8.391876669
0.1604 8.50074436 8.500793631
0.1608 8.604824933 8.604874296
0.1612 8.704028357 8.7040778
0.1616 8.798316524 8.798366036
0.162 8.887654122 8.88770369
0.1624 8.972008668 8.97205828
0.1628 9.051350541 9.051400186
0.1632 9.125653018 9.125702682
0.1636 9.194892296 9.194941968
0.164 9.259047526 9.259097195
0.1644 9.318100838 9.318150491
0.1648 9.372037361 9.372086985
0.1652 9.420845247 9.420894831
0.1656 9.464515692 9.464565224
0.166 9.50304295 9.503092417
0.1664 9.53642435 9.536473741
0.1668 9.564660311 9.564709614
0.1672 9.587754349 9.58780355
0.1676 9.605713085 9.605762175
0.168 9.618546259 9.618595223
0.1684 9.626266722 9.62631555
0.1688 9.628890449 9.628939128
0.1692 9.626436531 9.62648505
0.1696 9.618927173 9.61897552
0.17 9.606387693 9.606435855
0.1704 9.588846508 9.588894474
0.1708 9.566335126 9.566382884
0.1712 9.538888137 9.538935675
0.1716 9.506543192 9.506590499
0.172 9.469340988 9.469388052
0.1724 9.427325249 9.427372059
0.1728 9.380542703 9.380589247
0.1732 9.329043057 9.329089323
0.1736 9.272878967 9.272924945
0.174 9.212106013 9.212151691
0.1744 9.146782664 9.146828031
0.1748 9.076970244 9.077015289
0.1752 9.002732895 9.002777607
0.1756 8.924137537 8.924181905
0.176 8.841253827 8.84129784
0.1764 8.754154115 8.754197763
0.1768 8.662913398 8.66295667
0.1772 8.56760927 8.567652155
0.1776 8.46832187 8.468364358
0.178 8.365133833 8.365175913
0.1784 8.258130229 8.258171893
0.1788 8.147398511 8.147439747
0.1792 8.033028451 8.033069249
0.1796 7.915112077 7.915152428
0.18 7.793743614 7.793783508
0.1804 7.669019414 7.669058842
0.1808 7.54103789 7.541076842
0.1812 7.409899443 7.40993791
0.1816 7.275706394 7.275744367
0.182 7.138562906 7.138600376
0.1824 6.998574914 6.998611872
0.1828 6.855850041 6.855886479
0.1832 6.710497525 6.710533433
0.1836 6.562628133 6.562663504
0.184 6.412354084 6.412388909
0.1844 6.259788961 6.259823233
0.1848 6.105047629 6.10508134
0.1852 5.948246148 5.948279289
0.1856 5.789501682 5.789534246
0.186 5.628932413 5.628964394
0.1864 5.466657453 5.466688843
0.1868 5.302796747 5.302827539
0.1872 5.137470985 5.137501172
0.1876 4.970801508 4.970831082
0.188 4.802910211 4.802939167
0.1884 4.633919454 4.633947786
0.1888 4.463951962 4.463979663
0.1892 4.293130729 4.293157794
0.1896 4.121578923 4.121605346
0.19 3.94941979 3.949445566
0.1904 3.776776553 3.776801675
0.1908 3.603772317 3.603796781
0.1912 3.430529969 3.43055377
0.1916 3.257172083 3.257195216
0.192 3.08382082 3.083843281
0.1924 2.910597831 2.910619615
0.1928 2.737624157 2.73764526
0.1932 2.565020134 2.565040552
0.1936 2.392905295 2.392925025
0.194 2.221398275 2.221417313
0.1944 2.050616712 2.050635054
0.1948 1.880677153 1.880694796
0.1952 1.711694958 1.7117119
0.1956 1.54378421 1.543800447
0.196 1.377057616 1.377073146
0.1964 1.211626419 1.21164124
0.1968 1.047600307 1.047614417
0.1972 0.8850873212 0.8851007176
0.1976 0.7241937682 0.7242064495
0.198 0.5650241331 0.5650360978
0.1984 0.4076809938 0.4076922405
0.1988 0.2522649362 0.2522754638
0.1992 0.09887447184 0.09888427951
0.1996 -0.05239404298 -0.05238495606
0.2 -0.2014464867 -0.201438121
0.2004 -0.3481910495 -0.3481834055
0.2008 -0.4925383093 -0.492531387
0.2012 -0.6344013042 -0.6343951037
0.2016 -0.773695605 -0.773690126
0.202 -0.9103393832 -0.9103346252
0.2024 -1.044253479 -1.044249441
0.2028 -1.175361464 -1.175358146
0.2032 -1.303589707 -1.303587108
0.2036 -1.42886743 -1.428865548
0.204 -1.551126767 -1.551125601
0.2044 -1.670302819 -1.670302367
0.2048 -1.786333705 -1.786333967
0.2052 -1.899160614 -1.899161586
0.2056 -2.008727848 -2.008729529
0.206 -2.114982867 -2.114985254
0.2064 -2.217876332 -2.217879423
0.2068 -2.31736214 -2.317365932
0.2072 -2.41339746 -2.413401951
0.2076 -2.505942768 -2.505947955
0.208 -2.594961871 -2.59496775
0.2084 -2.680421936 -2.680428504
0.2088 -2.762293512 -2.762300766
0.2092 -2.840550552 -2.840558488
0.2096 -2.915170424 -2.915179038
0.21 -2.98613393 -2.986143219
0.2104 -3.053425314 -3.053435273
0.2108 -3.117032268 -3.117042893
0.2112 -3.176945935 -3.176957223
0.2116 -3.233160915 -3.233172859
0.212 -3.285675252 -3.28568785
0.2124 -3.334490438 -3.334503684
0.2128 -3.379611397 -3.379625286
0.2132 -3.421046475 -3.421061001
0.2136 -3.458807422 -3.458822581
0.214 -3.492909375 -3.492925162
0.2144 -3.523370833 -3.523387243
0.2148 -3.550213635 -3.550230662
0.2152 -3.573462926 -3.573480564
0.2156 -3.593147127 -3.59316537
0.216 -3.6092979 -3.609316743
0.2164 -3.62195011 -3.621969547
0.2168 -3.631141781 -3.631161805
0.2172 -3.636914053 -3.636934659
0.2176 -3.639311133 -3.639332313
0.218 -3.638380244 -3.638401994
0.2184 -3.634171574 -3.634193886
0.2188 -3.626738214 -3.626761082
0.2192 -3.616136104 -3.616159521
0.2196 -3.602423966 -3.602447926
0.22 -3.585663242 -3.585687738
0.2204 -3.565918024 -3.565943049
0.2208 -3.543254983 -3.54328053
0.2212 -3.517743299 -3.517769362
0.2216 -3.489454583 -3.489481154
0.222 -3.458462799 -3.458489871
0.2224 -3.424844185 -3.424871751
0.2228 -3.388677167 -3.38870522
0.2232 -3.350042279 -3.350070811
0.2236 -3.309022074 -3.309051078
0.224 -3.265701031 -3.2657305
0.2244 -3.220165472 -3.220195398
0.2248 -3.172503462 -3.172533838
0.2252 -3.122804719 -3.122835537
0.2256 -3.071160515 -3.071191769
0.226 -3.017663581 -3.017695261
0.2264 -2.962408004 -2.962440104
0.2268 -2.90548913 -2.905521643
0.2272 -2.847003462 -2.847036379
0.2276 -2.787048553 -2.787081867
0.228 -2.725722906 -2.725756609
0.2284 -2.663125869 -2.663159952
0.2288 -2.599357524 -2.599391981
0.2292 -2.534518588 -2.534553411
0.2296 -2.468710299 -2.46874548
0.23 -2.402034312 -2.402069843
0.2304 -2.33459259 -2.334628464
0.2308 -2.266487296 -2.266523503
0.2312 -2.197820681 -2.197857215
0.2316 -2.128694979 -2.128731833
0.232 -2.0592123 -2.059249464
0.2324 -1.989474513 -1.98951198
0.2328 -1.919583148 -1.919620911
0.2332 -1.849639281 -1.84967733
0.2336 -1.779743428 -1.779781757
0.234 -1.70999544 -1.710034041
0.2344 -1.640494397 -1.640533261
0.2348 -1.571338499 -1.571377619
0.2352 -1.502624966 -1.502664334
0.2356 -1.434449931 -1.434489539
0.236 -1.366908341 -1.366948181
0.2364 -1.300093853 -1.300133919
0.2368 -1.234098739 -1.234139021
0.2372 -1.169013781 -1.169054272
0.2376 -1.104928182 -1.104968874
0.238 -1.041929465 -1.04197035
0.2384 -0.9801033829 -0.9801444539
0.2388 -0.9195338289 -0.9195750776
0.2392 -0.8603027434 -0.860344162
0.2396 -0.8024900293 -0.8025316102
0.24 -0.7461734666 -0.7462152021
0.2404 -0.6914286297 -0.691470512
0.2408 -0.6383288067 -0.6383708281
0.2412 -0.5869449218 -0.5869870745
0.2416 -0.5373454596 -0.537387736
0.242 -0.4895963923 -0.4896387848
0.2424 -0.4437611097 -0.4438036106
0.2428 -0.3999003516 -0.3999429533
0.2432 -0.358072143 -0.3581148378
0.2436 -0.3183317327 -0.318374513
0.244 -0.2807315341 -0.2807743924
0.2444 -0.24532107 -0.2453639986
0.2448 -0.2121469191 -0.2121899106
0.2452 -0.1812526672 -0.1812957139
0.2456 -0.1526788602 -0.1527219546
0.246 -0.1264629614 -0.126506096
0.2464 -0.1026393113 -0.1026824785
0.2468 -0.08123909107 -0.08128228344
0.2472 -0.06229028962 -0.06233349964
0.2476 -0.04581767347 -0.04586089366
0.248 -0.03184276055 -0.03188598345
0.2484 -0.02038379727 -0.02042701541
0.2488 -0.01145573909 -0.01149894502
0.2492 -0.005070234544 -0.005113420825
0.2496 -0.001235612913 -0.001278772114
0.25 4.312469768e-05 -7.591408303e-31
0.2504 -0.001235689333 -0.001278772114
0.2508 -0.005070387367 -0.005113420825
0.2512 -0.01145596828 -0.01149894502
0.2516 -0.02038410279 -0.02042701541
0.252 -0.03184314232 -0.03188598345
0.2524 -0.0458181314 -0.04586089366
0.2528 -0.06229082363 -0.06233349964
0.2532 -0.08123970104 -0.08128228344
0.2536 -0.1026399971 -0.1026824785
0.254 -0.1264637229 -0.126506096
0.2544 -0.1526796972 -0.1527219546
0.2548 -0.1812535795 -0.1812957139
0.2552 -0.2121479065 -0.2121899106
0.2556 -0.2453221323 -0.2453639986
0.256 -0.2807326711 -0.2807743924
0.2564 -0.3183329441 -0.318374513
0.2568 -0.3580734286 -0.3581148378
0.2572 -0.3999017111 -0.3999429533
0.2576 -0.4437625428 -0.4438036106
0.258 -0.4895978986 -0.4896387848
0.2584 -0.5373470388 -0.537387736
0.2588 -0.5869465736 -0.5869870745
0.2592 -0.6383305307 -0.6383708281
0.2596 -0.6914304255 -0.691470512
0.26 -0.7461753338 -0.7462152021
0.2604 -0.8024919674 -0.8025316102
0.2608 -0.8603047521 -0.860344162
0.2612 -0.9195359077 -0.9195750776
0.2616 -0.9801055313 -0.9801444539
0.262 -1.041931682 -1.04197035
0.2624 -1.104930468 -1.104968874
0.2628 -1.169016135 -1.169054272
0.2632 -1.23410116 -1.234139021
0.2636 -1.300096342 -1.300133919
0.264 -1.366910896 -1.366948181
0.2644 -1.434452551 -1.434489539
0.2648 -1.502627652 -1.502664334
0.2652 -1.571341249 -1.571377619
0.2656 -1.640497211 -1.640533261
0.266 -1.709998318 -1.710034041
0.2664 -1.779746368 -1.779781757
0.2668 -1.849642282 -1.84967733
0.2672 -1.919586211 -1.919620911
0.2676 -1.989477636 -1.98951198
0.268 -2.059215482 -2.059249464
0.2684 -2.128698221 -2.128731833
0.2688 -2.19782398 -2.197857215
0.2692 -2.266490652 -2.266523503
0.2696 -2.334596003 -2.334628464
0.27 -2.40203778 -2.402069843
0.2704 -2.468713821 -2.46874548
0.2708 -2.534522164 -2.534553411
0.2712 -2.599361153 -2.599391981
0.2716 -2.663129549 -2.663159952
0.272 -2.725726637 -2.725756609
0.2724 -2.787052334 -2.787081867
0.2728 -2.847007292 -2.847036379
0.2732 -2.905493008 -2.905521643
0.2736 -2.962411928 -2.962440104
0.274 -3.01766755 -3.017695261
0.2744 -3.07116453 -3.071191769
0.2748 -3.122808777 -3.122835537
0.2752 -3.172507562 -3.172533838
0.2756 -3.220169613 -3.220195398
0.276 -3.265705213 -3.2657305
0.2764 -3.309026294 -3.309051078
0.2768 -3.350046538 -3.350070811
0.2772 -3.388681462 -3.38870522
0.2776 -3.424848515 -3.424871751
0.278 -3.458467163 -3.458489871
0.2784 -3.48945898 -3.489481154
0.2788 -3.517747727 -3.517769362
0.2792 -3.543259441 -3.54328053
0.2796 -3.565922511 -3.565943049
0.28 -3.585667757 -3.585687738
0.2804 -3.602428507 -3.602447926
0.2808 -3.61614067 -3.616159521
0.2812 -3.626742803 -3.626761082
0.2816 -3.634176185 -3.634193886
0.282 -3.638384875 -3.638401994
0.2824 -3.639315783 -3.639332313
0.2828 -3.636918721 -3.636934659
0.2832 -3.631146465 -3.631161805
0.2836 -3.621954809 -3.621969547
0.284 -3.609302612 -3.609316743
0.2844 -3.59315185 -3.59316537
0.2848 -3.573467659 -3.573480564
0.2852 -3.550218377 -3.550230662
0.2856 -3.523375582 -3.523387243
0.286 -3.492914128 -3.492925162
0.2864 -3.458812179 -3.458822581
0.2868 -3.421051234 -3.421061001
0.2872 -3.379616157 -3.379625286
0.2876 -3.334495196 -3.334503684
0.288 -3.285680007 -3.28568785
0.2884 -3.233165665 -3.233172859
0.2888 -3.17695068 -3.176957223
0.2892 -3.117037004 -3.117042893
0.2896 -3.053430041 -3.053435273
0.29 -2.986138645 -2.986143219
0.2904 -2.915175126 -2.915179038
0.2908 -2.840555239 -2.840558488
0.2912 -2.762298183 -2.762300766
0.2916 -2.680426588 -2.680428504
0.292 -2.594966503 -2.59496775
0.2924 -2.505947378 -2.505947955
0.2928 -2.413402046 -2.413401951
0.2932 -2.3173667 -2.317365932
0.2936 -2.217880865 -2.217879423
0.294 -2.114987371 -2.114985254
0.2944 -2.008732321 -2.008729529
0.2948 -1.899165054 -1.899161586
0.2952 -1.78633811 -1.786333967
0.2956 -1.670307187 -1.670302367
0.296 -1.551131097 -1.551125601
0.2964 -1.42887172 -1.428865548
0.2968 -1.303593955 -1.303587108
0.2972 -1.175365668 -1.175358146
0.2976 -1.044257637 -1.044249441
0.298 -0.9103434934 -0.9103346252
0.2984 -0.7736996657 -0.773690126
0.2988 -0.6344053136 -0.6343951037
0.2992 -0.4925422655 -0.492531387
0.2996 -0.3481949507 -0.3481834055
0.3 -0.201450331 -0.201438121
0.3004 -0.05239782863 -0.05238495606
0.3008 0.09887074671 0.09888427951
0.3012 0.2522612734 0.2522754638
0.3016 0.4076773952 0.4076922405
0.302 0.5650206005 0.5650360978
0.3024 0.7241903034 0.7242064495
0.3028 0.8850839261 0.8851007176
0.3032 1.047596983 1.047614417
0.3036 1.211623168 1.21164124
0.304 1.37705444 1.377073146
0.3044 1.543781111 1.543800447
0.3048 1.711691938 1.7117119
0.3052 1.880674213 1.880694796
0.3056 2.050613854 2.050635054
0.306 2.221395501 2.221417313
0.3064 2.392902606 2.392925025
0.3068 2.565017531 2.565040552
0.3072 2.737621643 2.73764526
0.3076 2.910595408 2.910619615
0.308 3.083818489 3.083843281
0.3084 3.257169846 3.257195216
0.3088 3.430527826 3.43055377
0.3092 3.603770271 3.603796781
0.3096 3.776774606 3.776801675
0.31 3.949417943 3.949445566
0.3104 4.121577177 4.121605346
0.3108 4.293129086 4.293157794
0.3112 4.463950423 4.463979663
0.3116 4.633918021 4.633947786
0.312 4.802908885 4.802939167
0.3124 4.97080029 4.970831082
0.3128 5.137469878 5.137501172
0.3132 5.302795751 5.302827539
0.3136 5.46665657 5.466688843
0.314 5.628931644 5.628964394
0.3144 5.789501027 5.789534246
0.3148 5.948245609 5.948279289
0.3152 6.105047208 6.10508134
0.3156 6.259788658 6.259823233
0.316 6.412353901 6.412388909
0.3164 6.562628071 6.562663504
0.3168 6.710497585 6.710533433
0.3172 6.855850224 6.855886479
0.3176 6.998575221 6.998611872
0.318 7.138563338 7.138600376
0.3184 7.275706951 7.275744367
0.3188 7.409900127 7.40993791
0.3192 7.541038701 7.541076842
0.3196 7.669020353 7.669058842
0.32 7.793744682 7.793783508
0.3204 7.915113275 7.915152428
0.3208 8.033029779 8.033069249
0.3212 8.147399971 8.147439747
0.3216 8.25813182 8.258171893
0.322 8.365135555 8.365175913
0.3224 8.468323725 8.468364358
0.3228 8.567611258 8.567652155
0.3232 8.66291552 8.66295667
0.3236 8.754156371 8.754197763
0.324 8.841256216 8.84129784
0.3244 8.924140061 8.924181905
0.3248 9.002735554 9.002777607
0.3252 9.076973038 9.077015289
0.3256 9.146785592 9.146828031
0.326 9.212109076 9.212151691
0.3264 9.272882165 9.272924945
0.3268 9.32904639 9.329089323
0.3272 9.380546172 9.380589247
0.3276 9.427328852 9.427372059
0.328 9.469344725 9.469388052
0.3284 9.506547064 9.506590499
0.3288 9.538892144 9.538935675
0.3292 9.566339267 9.566382884
0.3296 9.588850782 9.588894474
0.33 9.6063921 9.606435855
0.3304 9.618931713 9.61897552
0.3308 9.626441203 9.62648505
0.3312 9.628895253 9.628939128
0.3316 9.626271657 9.62631555
0.332 9.618551324 9.618595223
0.3324 9.60571828 9.605762175
0.3328 9.587759673 9.58780355
0.3332 9.564665763 9.564709614
0.3336 9.53642993 9.536473741
0.334 9.503048655 9.503092417
0.3344 9.464521523 9.464565224
0.3348 9.420851202 9.420894831
0.3352 9.372043439 9.372086985
0.3356 9.318107039 9.318150491
0.336 9.259053848 9.259097195
0.3364 9.194898737 9.194941968
0.3368 9.125659578 9.125702682
0.3372 9.051357219 9.051400186
0.3376 8.972015461 8.97205828
0.338 8.88766103 8.88770369
0.3384 8.798323545 8.798366036
0.3388 8.704035489 8.7040778
0.3392 8.604832175 8.604874296
0.3396 8.50075171 8.500793631
0.34 8.391834958 8.391876669
0.3404 8.278125503 8.278166993
0.3408 8.159669607 8.159710867
0.3412 8.036516168 8.036557187
0.3416 7.908716676 7.908757445
0.342 7.77632517 7.776365679
0.3424 7.63939819 7.639438429
0.3428 7.497994727 7.498034687
0.3432 7.352176176 7.352215848
0.3436 7.202006286 7.20204566
0.344 7.047551104 7.047590171
0.3444 6.888878927 6.888917678
0.3448 6.726060241 6.726098667
0.3452 6.559167672 6.559205764
0.3456 6.388275925 6.388313674
0.346 6.213461727 6.213499125
0.3464 6.034803769 6.034840808
0.3468 5.852382649 5.85241932
0.3472 5.666280805 5.666317101
0.3476 5.476582461 5.476618372
0.348 5.283373559 5.283409078
0.3484 5.086741702 5.086776821
0.3488 4.886776086 4.886810798
0.3492 4.683567438 4.683601736
0.3496 4.477207955 4.47724183
0.35 4.267791233 4.267824678
0.3504 4.055412204 4.055445213
0.3508 3.840167076 3.840199641
0.3512 3.622153258 3.622185373
0.3516 3.401469301 3.401500959
0.352 3.178214828 3.178246022
0.3524 2.952490469 2.952521194
0.3528 2.724397795 2.724428044
0.3532 2.494039251 2.494069017
0.3536 2.261518087 2.261547365
0.354 2.026938296 2.02696708
0.3544 1.790404544 1.790432829
0.3548 1.552022107 1.552049887
0.3552 1.311896802 1.311924071
0.3556 1.070134922 1.070161676
0.356 0.8268431721 0.8268694053
0.3564 0.5821286033 0.5821543112
0.3568 0.3360985478 0.3361237256
0.3572 0.0888605546 0.08888519784
0.3576 -0.1594776736 -0.1594535694
0.358 -0.4088083442 -0.4087847832
0.3584 -0.6590236373 -0.6590006237
0.3588 -0.9100157677 -0.9099933053
0.3592 -1.161677046 -1.161655139
0.3596 -1.413899941 -1.413878592
0.36 -1.666577137 -1.666556351
0.3604 -1.919601596 -1.919581375
0.3608 -2.172866614 -2.172846962
0.3612 -2.42626588 -2.426246799
0.3616 -2.679693533 -2.679675027
0.362 -2.933044218 -2.933026289
0.3624 -3.186213138 -3.186195789
0.3628 -3.439096115 -3.439079347
0.3632 -3.691589635 -3.691573452
0.3636 -3.943590908 -3.943575311
0.364 -4.194997912 -4.194982904
0.3644 -4.44570945 -4.445695032
0.3648 -4.695625193 -4.695611366
0.3652 -4.944645732 -4.944632499
0.3656 -5.192672624 -5.192659986
0.366 -5.439608438 -5.439596395
0.3664 -5.685356797 -5.685345351
0.3668 -5.929822426 -5.929811578
0.3672 -6.172911191 -6.172900941
0.3676 -6.41453014 -6.41452049
0.368 -6.654587546 -6.654578496
0.3684 -6.892992944 -6.892984493
0.3688 -7.129657166 -7.129649316
0.3692 -7.364492382 -7.364485131
0.3696 -7.597412131 -7.59740548
0.37 -7.828331356 -7.828325305
0.3704 -8.057166438 -8.057160986
0.3708 -8.283835226 -8.283830374
0.3712 -8.508257067 -8.508252813
0.3716 -8.730352835 -8.730349177
0.372 -8.950044956 -8.950041895
0.3724 -9.167257439 -9.167254974
0.3728 -9.381915897 -9.381914026
0.3732 -9.593947572 -9.593946294
0.3736 -9.803281358 -9.803280671
0.374 -10.00984782 -10.00984772
0.3744 -10.21357921 -10.2135797
0.3748 -10.41440951 -10.41441058
0.3752 -10.6122744 -10.61227606
0.3756 -10.80711132 -10.80711357
0.376 -10.99885948 -10.9988623
0.3764 -11.18745984 -11.18746324
0.3768 -11.37285515 -11.37285913
0.3772 -11.55498997 -11.55499452
0.3776 -11.73381064 -11.73381576
0.378 -11.90926535 -11.90927103
0.3784 -12.08130406 -12.08131032
0.3788 -12.24987862 -12.24988543
0.3792 -12.41494265 -12.41495002
0.3796 -12.57645165 -12.57645957
0.38 -12.73436294 -12.73437142
0.3804 -12.8886357 -12.88864472
0.3808 -13.03923093 -13.03924049
0.3812 -13.18611147 -13.18612158
0.3816 -13.32924203 -13.32925267
0.382 -13.46858912 -13.4686003
0.3824 -13.60412111 -13.60413282
0.3828 -13.73580819 -13.73582042
0.3832 -13.86362237 -13.86363512
0.3836 -13.98753748 -13.98755075
0.384 -14.10752916 -14.10754294
0.3844 -14.22357485 -14.22358914
0.3848 -14.33565379 -14.33566858
0.3852 -14.44374698 -14.44376226
0.3856 -14.5478372 -14.54785298
0.386 -14.647909 -14.64792526
0.3864 -14.74394865 -14.7439654
0.3868 -14.83594418 -14.83596141
0.3872 -14.92388531 -14.92390301
0.3876 -15.00776347 -15.00778164
0.388 -15.08757179 -15.08759042
0.3884 -15.16330505 -15.16332413
0.3888 -15.23495967 -15.23497921
0.3892 -15.30253374 -15.30255373
0.3896 -15.36602694 -15.36604737
0.39 -15.42544054 -15.4254614
0.3904 -15.48077739 -15.48079868
0.3908 -15.5320419 -15.53206361
0.3912 -15.57924 -15.57926213
0.3916 -15.62237915 -15.62240168
0.392 -15.66146827 -15.66149122
0.3924 -15.69651778 -15.69654112
0.3928 -15.72753952 -15.72756325
0.3932 -15.75454675 -15.75457087
0.3936 -15.77755412 -15.77757862
0.394 -15.79657767 -15.79660254
0.3944 -15.81163478 -15.81166001
0.3948 -15.82274412 -15.82276971
0.3952 -15.82992569 -15.82995164
0.3956 -15.83320075 -15.83322704
0.396 -15.83259178 -15.83261841
0.3964 -15.82812251 -15.82814948
0.3968 -15.81981784 -15.81984513
0.3972 -15.80770383 -15.80773143
0.3976 -15.79180767 -15.79183559
0.398 -15.77215767 -15.7721859
0.3984 -15.74878322 -15.74881174
0.3988 -15.72171475 -15.72174356
0.3992 -15.69098372 -15.69101282
0.3996 -15.65662259 -15.65665196
0.4 -15.61866478 -15.61869442
0.4004 -15.57714466 -15.57717455
0.4008 -15.53209749 -15.53212764
0.4012 -15.48355945 -15.48358984
0.4016 -15.43156753 -15.43159816
0.402 -15.37615959 -15.37619045
0.4024 -15.31737425 -15.31740534
0.4028 -15.25525094 -15.25528224
0.4032 -15.1898298 -15.18986131
0.4036 -15.1211517 -15.12118341
0.404 -15.04925819 -15.04929009
0.4044 -14.97419148 -14.97422357
0.4048 -14.89599442 -14.89602668
0.4052 -14.81471044 -14.81474287
0.4056 -14.73038357 -14.73041616
0.406 -14.64305837 -14.64309111
0.4064 -14.55277994 -14.55281282
0.4068 -14.45959385 -14.45962687
0.4072 -14.36354615 -14.3635793
0.4076 -14.26468334 -14.26471662
0.408 -14.16305233 -14.16308571
0.4084 -14.05870039 -14.05873388
0.4088 -13.95167519 -13.95170877
0.4092 -13.84202472 -13.84205839
0.4096 -13.72979728 -13.72983103
0.41 -13.61504146 -13.61507528
0.4104 -13.4978061 -13.49783999
0.4108 -13.3781403 -13.37817425
0.4112 -13.25609336 -13.25612735
0.4116 -13.13171475 -13.13174878
0.412 -13.00505414 -13.0050882
0.4124 -12.87616132 -12.8761954
0.4128 -12.7450862 -12.74512029
0.4132 -12.61187879 -12.61191289
0.4136 -12.47658918 -12.47662328
0.414 -12.33926749 -12.33930158
0.4144 -12.19996391 -12.19999798
0.4148 -12.0587286 -12.05876265
0.4152 -11.91561174 -11.91564575
0.4156 -11.77066345 -11.77069742
0.416 -11.62393382 -11.62396773
0.4164 -11.47547286 -11.47550671
0.4168 -11.32533049 -11.32536428
0.4172 -11.17355653 -11.17359024
0.4176 -11.02020065 -11.02023428
0.418 -10.86531241 -10.86534594
0.4184 -10.70894116 -10.70897459
0.4188 -10.55113612 -10.55116944
0.4192 -10.39194628 -10.39197948
0.4196 -10.23142042 -10.2314535
0.42 -10.0696071 -10.06964005
0.4204 -9.906554631 -9.906587434
0.4208 -9.74231106 -9.742343713
0.4212 -9.576924163 -9.576956658
0.4216 -9.410441425 -9.410473753
0.422 -9.242910027 -9.242942182
0.4224 -9.074376835 -9.074408808
0.4228 -8.904888383 -8.904920166
0.4232 -8.734490864 -8.734522448
0.4236 -8.563230114 -8.563261492
0.424 -8.391151602 -8.391182767
0.4244 -8.218300422 -8.218331365
0.4248 -8.044721274 -8.044751988
0.4252 -7.870458461 -7.870488938
0.4256 -7.695555874 -7.695586106
0.426 -7.520056983 -7.520086963
0.4264 -7.344004832 -7.344034551
0.4268 -7.16744202 -7.167471473
0.4272 -6.990410705 -6.990439882
0.4276 -6.812952583 -6.812981477
0.428 -6.635108891 -6.635137495
0.4284 -6.456920391 -6.456948697
0.4288 -6.278427369 -6.27845537
0.4292 -6.099669624 -6.099697313
0.4296 -5.920686464 -5.920713834
0.43 -5.741516699 -5.741543743
0.4304 -5.562198636 -5.562225346
0.4308 -5.382770071 -5.38279644
0.4312 -5.203268288 -5.203294309
0.4316 -5.023730052 -5.023755719
0.432 -4.844191605 -4.84421691
0.4324 -4.664688662 -4.664713599
0.4328 -4.485256407 -4.485280969
0.4332 -4.305929492 -4.305953672
0.4336 -4.126742029 -4.126765821
0.434 -3.947727593 -3.94775099
0.4344 -3.768919217 -3.768942213
0.4348 -3.590349389 -3.590371977
0.4352 -3.412050052 -3.412072226
0.4356 -3.234052602 -3.234074355
0.436 -3.056387885 -3.056409212
0.4364 -2.879086201 -2.879107095
0.4368 -2.702177297 -2.702197753
0.4372 -2.525690372 -2.525710384
0.4376 -2.349654075 -2.349673636
0.438 -2.174096502 -2.174115607
0.4384 -1.999045203 -1.999063847
0.4388 -1.824527178 -1.824545354
0.4392 -1.650568878 -1.650586582
0.4396 -1.47719621 -1.477213436
0.44 -1.304434533 -1.304451276
0.4404 -1.132308665 -1.132324919
0.4408 -0.96084288 -0.9608586402
0.4412 -0.7900609141 -0.7900761756
0.4416 -0.6199859656 -0.6200007236
0.442 -0.4506406985 -0.450654948
0.4424 -0.2820472445 -0.2820609809
0.4428 -0.1142272065 -0.1142404252
0.4432 0.05279833856 0.05278564206
0.4436 0.2190088363 0.2189966664
0.444 0.3843842514 0.3843726125
0.4444 0.5489050643 0.5488939605
0.4448 0.7125522667 0.7125417022
0.4452 0.8753073584 0.8752973371
0.4456 1.037152342 1.037142868
0.446 1.198069721 1.198060798
0.4464 1.358042491 1.358034123
0.4468 1.517054141 1.517046331
0.4472 1.675088643 1.675081394
0.4476 1.832130452 1.832123767
0.448 1.988164496 1.98815838
0.4484 2.143176176 2.14317063
0.4488 2.297151357 2.297146386
0.4492 2.450076365 2.450071971
0.4496 2.601937982 2.601934167
0.45 2.752723436 2.752720204
0.4504 2.902420401 2.902417753
0.4508 3.051016988 3.051014928
0.4512 3.198501742 3.198500271
0.4516 3.344863632 3.344862753
0.452 3.490092048 3.490091762
0.4524 3.634176795 3.634177105
0.4528 3.777108086 3.777108993
0.4532 3.918876535 3.918878041
0.4536 4.059473154 4.05947526
0.454 4.198889344 4.198892052
0.4544 4.337116888 4.337120199
0.4548 4.474147947 4.474151862
0.4552 4.609975054 4.609979574
0.4556 4.744591103 4.744596229
0.456 4.877989349 4.877995082
0.4564 5.010163396 5.010169736
0.4568 5.141107193 5.141114142
0.4572 5.270815029 5.270822586
0.4576 5.399281522 5.399289687
0.458 5.526501617 5.526510391
0.4584 5.652470576 5.652479958
0.4588 5.777183972 5.777193963
0.4592 5.900637687 5.900648286
0.4596 6.022827897 6.022839103
0.46 6.143751072 6.143762885
0.4604 6.263403967 6.263416387
0.4608 6.381783617 6.381796642
0.4612 6.498887326 6.498900956
0.4616 6.614712666 6.6147269
0.462 6.729257466 6.729272303
0.4624 6.84251981 6.842535248
0.4628 6.954498026 6.954514063
0.4632 7.065190679 7.065207314
0.4636 7.174596571 7.174613803
0.464 7.282714728 7.282732554
0.4644 7.389544395 7.389562813
0.4648 7.495085031 7.49510404
0.4652 7.599336304 7.599355901
0.4656 7.70229808 7.702318263
0.466 7.80397042 7.803991186
0.4664 7.904353573 7.90437492
0.4668 8.003447971 8.003469895
0.4672 8.10125422 8.101276719
0.4676 8.197773096 8.197796167
0.468 8.293005539 8.293029178
0.4684 8.386952645 8.38697685
0.4688 8.479615662 8.479640429
0.4692 8.570995985 8.57102131
0.4696 8.661095145 8.661121026
0.47 8.74991481 8.749941242
0.4704 8.837456774 8.837483753
0.4708 8.923722953 8.923750475
0.4712 9.00871538 9.008743441
0.4716 9.0924362 9.092464795
0.472 9.17488766 9.174916786
0.4724 9.25607211 9.256101762
0.4728 9.335991993 9.336022166
0.4732 9.414649841 9.414680531
0.4736 9.492048269 9.492079471
0.474 9.568189973 9.568221682
0.4744 9.64307772 9.64310993
0.4748 9.716714345 9.716747051
0.4752 9.789102747 9.789135945
0.4756 9.860245884 9.860279567
0.476 9.930146766 9.930180929
0.4764 9.998808451 9.998843089
0.4768 10.06623404 10.06626915
0.4772 10.13242668 10.13246225
0.4776 10.19738955 10.19742558
0.478 10.26112585 10.26116232
0.4784 10.3236388 10.32367573
0.4788 10.38493168 10.38496904
0.4792 10.44500774 10.44504553
0.4796 10.50387026 10.50390848
0.48 10.56152255 10.56156119
0.4804 10.61796788 10.61800693
0.4808 10.67320957 10.67324903
0.4812 10.72725089 10.72729075
0.4816 10.78009514 10.78013539
0.482 10.83174559 10.83178622
0.4824 10.88220549 10.8822465
0.4828 10.93147809 10.93151947
0.4832 10.9795666 10.97960834
0.4836 11.02647421 11.02651631
0.484 11.07220409 11.07224654
0.4844 11.11675937 11.11680216
0.4848 11.16014315 11.16018627
0.4852 11.20235848 11.20240192
0.4856 11.24340837 11.24345214
0.486 11.2832958 11.28333988
0.4864 11.3220237 11.32206808
0.4868 11.35959493 11.3596396
0.4872 11.39601231 11.39605727
0.4876 11.43127861 11.43132385
0.488 11.46539654 11.46544205
0.4884 11.49836874 11.49841451
0.4888 11.53019779 11.53024381
0.4892 11.5608862 11.56093247
0.4896 11.59043644 11.59048294
0.49 11.61885086 11.6188976
0.4904 11.64613179 11.64617874
0.4908 11.67228145 11.67232861
0.4912 11.697302 11.69734936
0.4916 11.72119551 11.72124307
0.492 11.74396399 11.74401173
0.4924 11.76560934 11.76565726
0.4928 11.78613341 11.7861815
0.4932 11.80553794 11.80558618
0.4936 11.82382459 11.82387299
0.494 11.84099494 11.84104348
0.4944 11.85705048 11.85709915
0.4948 11.87199259 11.87204138
0.4952 11.88582259 11.8858715
0.4956 11.89854169 11.8985907
0.496 11.910151 11.91020011
0.4964 11.92065155 11.92070075
0.4968 11.93004427 11.93009354
0.4972 11.93833 11.93837934
0.4976 11.94550946 11.94555886
0.498 11.95158331 11.95163276
0.4984 11.95655208 11.95660157
0.4988 11.96041621 11.96046574
0.4992 11.96317606 11.96322561
0.4996 11.96483187 11.96488143
0.5 11.96538379 11.96543336
0.5004 11.96483187 11.96488143
0.5008 11.96317606 11.96322561
0.5012 11.96041621 11.96046574
0.5016 11.95655208 11.95660157
0.502 11.95158331 11.95163276
0.5024 11.94550946 11.94555886
0.5028 11.93833 11.93837934
0.5032 11.93004427 11.93009354
0.5036 11.92065155 11.92070075
0.504 11.910151 11.91020011
0.5044 11.89854169 11.8985907
0.5048 11.88582259 11.8858715
0.5052 11.87199259 11.87204138
0.5056 11.85705048 11.85709915
0.506 11.84099494 11.84104348
0.5064 11.82382459 11.82387299
0.5068 11.80553794 11.80558618
0.5072 11.78613341 11.7861815
0.5076 11.76560934 11.76565726
0.508 11.74396399 11.74401173
0.5084 11.72119551 11.72124307
0.5088 11.697302 11.69734936
0.5092 11.67228145 11.67232861
0.5096 11.64613179 11.64617874
0.51 11.61885086 11.6188976
0.5104 11.59043644 11.59048294
0.5108 11.5608862 11.56093247
0.5112 11.53019779 11.53024381
0.5116 11.49836874 11.49841451
0.512 11.46539654 11.46544205
0.5124 11.43127861 11.43132385
0.5128 11.39601231 11.39605727
0.5132 11.35959493 11.3596396
0.5136 11.3220237 11.32206808
0.514 11.2832958 11.28333988
0.5144 11.24340837 11.24345214
0.5148 11.20235848 11.20240192
0.5152 11.16014315 11.16018627
0.5156 11.11675937 11.11680216
0.516 11.07220409 11.07224654
0.5164 11.02647421 11.02651631
0.5168 10.9795666 10.97960834
0.5172 10.93147809 10.93151947
0.5176 10.88220549 10.8822465
0.518 10.83174559 10.83178622
0.5184 10.78009514 10.78013539
0.5188 10.72725089 10.72729075
0.5192 10.67320957 10.67324903
0.5196 10.61796788 10.61800693
0.52 10.56152255 10.56156119
0.5204 10.50387026 10.50390848
0.5208 10.44500774 10.44504553
0.5212 10.38493168 10.38496904
0.5216 10.3236388 10.32367573
0.522 10.26112585 10.26116232
0.5224 10.19738955 10.19742558
0.5228 10.13242668 10.13246225
0.5232 10.06623404 10.06626915
0.5236 9.998808451 9.998843089
0.524 9.930146766 9.930180929
0.5244 9.860245884 9.860279567
0.5248 9.789102747 9.789135945
0.5252 9.716714345 9.716747051
0.5256 9.64307772 9.64310993
0.526 9.568189973 9.568221682
0.5264 9.492048269 9.492079471
0.5268 9.414649841 9.414680531
0.5272 9.335991993 9.336022166
0.5276 9.25607211 9.256101762
0.528 9.17488766 9.174916786
0.5284 9.0924362 9.092464795
0.5288 9.00871538 9.008743441
0.5292 8.923722953 8.923750475
0.5296 8.837456774 8.837483753
0.53 8.74991481 8.749941242
0.5304 8.661095145 8.661121026
0.5308 8.570995985 8.57102131
0.5312 8.479615662 8.479640429
0.5316 8.386952645 8.38697685
0.532 8.293005539 8.293029178
0.5324 8.197773096 8.197796167
0.5328 8.10125422 8.101276719
0.5332 8.003447971 8.003469895
0.5336 7.904353573 7.90437492
0.534 7.80397042 7.803991186
0.5344 7.70229808 7.702318263
0.5348 7.599336304 7.599355901
0.5352 7.495085031 7.49510404
0.5356 7.389544395 7.389562813
0.536 7.282714728 7.282732554
0.5364 7.174596571 7.174613803
0.5368 7.065190679 7.065207314
0.5372 6.954498026 6.954514063
0.5376 6.84251981 6.842535248
0.538 6.729257466 6.729272303
0.5384 6.614712666 6.6147269
0.5388 6.498887326 6.498900956
0.5392 6.381783617 6.381796642
0.5396 6.263403967 6.263416387
0.54 6.143751072 6.143762885
0.5404 6.022827897 6.022839103
0.5408 5.900637687 5.900648286
0.5412 5.777183972 5.777193963
0.5416 5.652470576 5.652479958
0.542 5.526501617 5.526510391
0.5424 5.399281522 5.399289687
0.5428 5.270815029 5.270822586
0.5432 5.141107193 5.141114142
0.5436 5.010163396 5.010169736
0.544 4.877989349 4.877995082
0.5444 4.744591103 4.744596229
0.5448 4.609975054 4.609979574
0.5452 4.474147947 4.474151862
0.5456 4.337116888 4.337120199
0.546 4.198889344 4.198892052
0.5464 4.059473154 4.05947526
0.5468 3.918876535 3.918878041
0.5472 3.777108086 3.777108993
0.5476 3.634176795 3.634177105
0.548 3.490092048 3.490091762
0.5484 3.344863632 3.344862753
0.5488 3.198501742 3.198500271
0.5492 3.051016988 3.051014928
0.5496 2.902420401 2.902417753
0.55 2.752723436 2.752720204
0.5504 2.601937982 2.601934167
0.5508 2.450076365 2.450071971
0.5512 2.297151357 2.297146386
0.5516 2.143176176 2.14317063
0.552 1.988164496 1.98815838
0.5524 1.832130452 1.832123767
0.5528 1.675088643 1.675081394
0.5532 1.517054141 1.517046331
0.5536 1.358042491 1.358034123
0.554 1.198069721 1.198060798
0.5544 1.037152342 1.037142868
0.5548 0.8753073584 0.8752973371
0.5552 0.7125522668 0.7125417022
0.5556 0.5489050643 0.5488939605
0.556 0.3843842514 0.3843726125
0.5564 0.2190088363 0.2189966664
0.5568 0.05279833856 0.05278564206
0.5572 -0.1142272065 -0.1142404252
0.5576 -0.2820472445 -0.2820609809
0.558 -0.4506406985 -0.450654948
0.5584 -0.6199859656 -0.6200007236
0.5588 -0.7900609141 -0.7900761756
0.5592 -0.96084288 -0.9608586402
0.5596 -1.132308665 -1.132324919
0.56 -1.304434533 -1.304451276
0.5604 -1.47719621 -1.477213436
0.5608 -1.650568878 -1.650586582
0.5612 -1.824527178 -1.824545354
0.5616 -1.999045203 -1.999063847
0.562 -2.174096502 -2.174115607
0.5624 -2.349654075 -2.349673636
0.5628 -2.525690372 -2.525710384
0.5632 -2.702177297 -2.702197753
0.5636 -2.879086201 -2.879107095
0.564 -3.056387885 -3.056409212
0.5644 -3.234052602 -3.234074355
0.5648 -3.412050052 -3.412072226
0.5652 -3.590349389 -3.590371977
0.5656 -3.768919217 -3.768942213
0.566 -3.947727593 -3.94775099
0.5664 -4.126742029 -4.126765821
0.5668 -4.305929492 -4.305953672
0.5672 -4.485256407 -4.485280969
0.5676 -4.664688662 -4.664713599
0.568 -4.844191605 -4.84421691
0.5684 -5.023730052 -5.023755719
0.5688 -5.203268288 -5.203294309
0.5692 -5.382770071 -5.38279644
0.5696 -5.562198636 -5.562225346
0.57 -5.741516699 -5.741543743
0.5704 -5.920686464 -5.920713834
0.5708 -6.099669624 -6.099697313
0.5712 -6.278427369 -6.27845537
0.5716 -6.456920391 -6.456948697
0.572 -6.635108891 -6.635137495
0.5724 -6.812952583 -6.812981477
0.5728 -6.990410705 -6.990439882
0.5732 -7.16744202 -7.167471473
0.5736 -7.344004832 -7.344034551
0.574 -7.520056983 -7.520086963
0.5744 -7.695555874 -7.695586106
0.5748 -7.870458461 -7.870488938
0.5752 -8.044721274 -8.044751988
0.5756 -8.218300422 -8.218331365
0.576 -8.391151602 -8.391182767
0.5764 -8.563230114 -8.563261492
0.5768 -8.734490864 -8.734522448
0.5772 -8.904888383 -8.904920166
0.5776 -9.074376835 -9.074408808
0.578 -9.242910027 -9.242942182
0.5784 -9.410441425 -9.410473753
0.5788 -9.576924163 -9.576956658
0.5792 -9.74231106 -9.742343713
0.5796 -9.906554631 -9.906587434
0.58 -10.0696071 -10.06964005
0.5804 -10.23142042 -10.2314535
0.5808 -10.39194628 -10.39197948
0.5812 -10.55113612 -10.55116944
0.5816 -10.70894116 -10.70897459
0.582 -10.86531241 -10.86534594
0.5824 -11.02020065 -11.02023428
0.5828 -11.17355653 -11.17359024
0.5832 -11.32533049 -11.32536428
0.5836 -11.47547286 -11.47550671
0.584 -11.62393382 -11.62396773
0.5844 -11.77066345 -11.77069742
0.5848 -11.91561174 -11.91564575
0.5852 -12.0587286 -12.05876265
0.5856 -12.19996391 -12.19999798
0.586 -12.33926749 -12.33930158
0.5864 -12.47658918 -12.47662328
0.5868 -12.61187879 -12.61191289
0.5872 -12.7450862 -12.74512029
0.5876 -12.87616132 -12.8761954
0.588 -13.00505414 -13.0050882
0.5884 -13.13171475 -13.13174878
0.5888 -13.25609336 -13.25612735
0.5892 -13.3781403 -13.37817425
0.5896 -13.4978061 -13.49783999
0.59 -13.61504146 -13.61507528
0.5904 -13.72979728 -13.72983103
0.5908 -13.84202472 -13.84205839
0.5912 -13.95167519 -13.95170877
0.5916 -14.05870039 -14.05873388
0.592 -14.16305233 -14.16308571
0.5924 -14.26468334 -14.26471662
0.5928 -14.36354615 -14.3635793
0.5932 -14.45959385 -14.45962687
0.5936 -14.55277994 -14.55281282
0.594 -14.64305837 -14.64309111
0.5944 -14.73038357 -14.73041616
0.5948 -14.81471044 -14.81474287
0.5952 -14.89599442 -14.89602668
0.5956 -14.97419148 -14.97422357
0.596 -15.04925819 -15.04929009
0.5964 -15.1211517 -15.12118341
0.5968 -15.1898298 -15.18986131
0.5972 -15.25525094 -15.25528224
0.5976 -15.31737425 -15.31740534
0.598 -15.37615959 -15.37619045
0.5984 -15.43156753 -15.43159816
0.5988 -15.48355945 -15.48358984
0.5992 -15.53209749 -15.53212764
0.5996 -15.57714466 -15.57717455
0.6 -15.61866478 -15.61869442
0.6004 -15.65662259 -15.65665196
0.6008 -15.69098372 -15.69101282
0.6012 -15.72171475 -15.72174356
0.6016 -15.74878322 -15.74881174
0.602 -15.77215767 -15.7721859
0.6024 -15.79180767 -15.79183559
0.6028 -15.80770383 -15.80773143
0.6032 -15.81981784 -15.81984513
0.6036 -15.82812251 -15.82814948
0.604 -15.83259178 -15.83261841
0.6044 -15.83320075 -15.83322704
0.6048 -15.82992569 -15.82995164
0.6052 -15.82274412 -15.82276971
0.6056 -15.81163478 -15.81166001
0.606 -15.79657767 -15.79660254
0.6064 -15.77755412 -15.77757862
0.6068 -15.75454675 -15.75457087
0.6072 -15.72753952 -15.72756325
0.6076 -15.69651778 -15.69654112
0.608 -15.66146827 -15.66149122
0.6084 -15.62237915 -15.62240168
0.6088 -15.57924 -15.57926213
0.6092 -15.5320419 -15.53206361
0.6096 -15.48077739 -15.48079868
0.61 -15.42544054 -15.4254614
0.6104 -15.36602694 -15.36604737
0.6108 -15.30253374 -15.30255373
0.6112 -15.23495967 -15.23497921
0.6116 -15.16330505 -15.16332413
0.612 -15.08757179 -15.08759042
0.6124 -15.00776347 -15.00778164
0.6128 -14.92388531 -14.92390301
0.6132 -14.83594418 -14.83596141
0.6136 -14.74394865 -14.7439654
0.614 -14.647909 -14.64792526
0.6144 -14.5478372 -14.54785298
0.6148 -14.44374698 -14.44376226
0.6152 -14.33565379 -14.33566858
0.6156 -14.22357485 -14.22358914
0.616 -14.10752916 -14.10754294
0.6164 -13.98753748 -13.98755075
0.6168 -13.86362237 -13.86363512
0.6172 -13.73580819 -13.73582042
0.6176 -13.60412111 -13.60413282
0.618 -13.46858912 -13.4686003
0.6184 -13.32924203 -13.32925267
0.6188 -13.18611147 -13.18612158
0.6192 -13.03923093 -13.03924049
0.6196 -12.8886357 -12.88864472
0.62 -12.73436294 -12.73437142
0.6204 -12.57645165 -12.57645957
0.6208 -12.41494265 -12.41495002
0.6212 -12.24987862 -12.24988543
0.6216 -12.08130406 -12.08131032
0.622 -11.90926535 -11.90927103
0.6224 -11.73381064 -11.73381576
0.6228 -11.55498997 -11.55499452
0.6232 -11.37285515 -11.37285913
0.6236 -11.18745984 -11.18746324
0.624 -10.99885948 -10.9988623
0.6244 -10.80711132 -10.80711357
0.6248 -10.6122744 -10.61227606
0.6252 -10.41440951 -10.41441058
0.6256 -10.21357921 -10.2135797
0.626 -10.00984782 -10.00984772
0.6264 -9.803281358 -9.803280671
0.6268 -9.593947572 -9.593946294
0.6272 -9.381915897 -9.381914026
0.6276 -9.167257439 -9.167254974
0.628 -8.950044956 -8.950041895
0.6284 -8.730352835 -8.730349177
0.6288 -8.508257067 -8.508252813
0.6292 -8.283835226 -8.283830374
0.6296 -8.057166438 -8.057160986
0.63 -7.828331356 -7.828325305
0.6304 -7.597412131 -7.59740548
0.6308 -7.364492382 -7.364485131
0.6312 -7.129657166 -7.129649316
0.6316 -6.892992944 -6.892984493
0.632 -6.654587546 -6.654578496
0.6324 -6.41453014 -6.41452049
0.6328 -6.172911191 -6.172900941
0.6332 -5.929822426 -5.929811578
0.6336 -5.685356797 -5.685345351
0.634 -5.439608438 -5.439596395
0.6344 -5.192672624 -5.192659986
0.6348 -4.944645732 -4.944632499
0.6352 -4.695625193 -4.695611366
0.6356 -4.44570945 -4.445695032
0.636 -4.194997912 -4.194982904
0.6364 -3.943590908 -3.943575311
0.6368 -3.691589635 -3.691573452
0.6372 -3.439096115 -3.439079347
0.6376 -3.186213138 -3.186195789
0.638 -2.933044218 -2.933026289
0.6384 -2.679693533 -2.679675027
0.6388 -2.42626588 -2.426246799
0.6392 -2.172866614 -2.172846962
0.6396 -1.919601596 -1.919581375
0.64 -1.666577137 -1.666556351
0.6404 -1.413899941 -1.413878592
0.6408 -1.161677046 -1.161655139
0.6412 -0.9100157677 -0.9099933053
0.6416 -0.6590236373 -0.6590006237
0.642 -0.4088083442 -0.4087847832
0.6424 -0.1594776736 -0.1594535694
0.6428 0.0888605546 0.08888519784
0.6432 0.3360985478 0.3361237256
0.6436 0.5821286033 0.5821543112
0.644 0.8268431721 0.8268694053
0.6444 1.070134922 1.070161676
0.6448 1.311896802 1.311924071
0.6452 1.552022107 1.552049887
0.6456 1.790404544 1.790432829
0.646 2.026938296 2.02696708
0.6464 2.261518087 2.261547365
0.6468 2.494039251 2.494069017
0.6472 2.724397795 2.724428044
0.6476 2.952490469 2.952521194
0.648 3.178214828 3.178246022
0.6484 3.401469301 3.401500959
0.6488 3.622153258 3.622185373
0.6492 3.840167076 3.840199641
0.6496 4.055412204 4.055445213
0.65 4.267791233 4.267824678
0.6504 4.477207955 4.47724183
0.6508 4.683567438 4.683601736
0.6512 4.886776086 4.886810798
0.6516 5.086741702 5.086776821
0.652 5.283373559 5.283409078
0.6524 5.476582461 5.476618372
0.6528 5.666280805 5.666317101
0.6532 5.852382649 5.85241932
0.6536 6.034803769 6.034840808
0.654 6.213461727 6.213499125
0.6544 6.388275925 6.388313674
0.6548 6.559167672 6.559205764
0.6552 6.726060241 6.726098667
0.6556 6.888878927 6.888917678
0.656 7.047551104 7.047590171
0.6564 7.202006286 7.20204566
0.6568 7.352176176 7.352215848
0.6572 7.497994727 7.498034687
0.6576 7.63939819 7.639438429
0.658 7.77632517 7.776365679
0.6584 7.908716676 7.908757445
0.6588 8.036516168 8.036557187
0.6592 8.159669607 8.159710867
0.6596 8.278125503 8.278166993
0.66 8.391834958 8.391876669
0.6604 8.50075171 8.500793631
0.6608 8.604832175 8.604874296
0.6612 8.704035489 8.7040778
0.6616 8.798323545 8.798366036
0.662 8.88766103 8.88770369
0.6624 8.972015461 8.97205828
0.6628 9.051357219 9.051400186
0.6632 9.125659578 9.125702682
0.6636 9.194898737 9.194941968
0.664 9.259053848 9.259097195
0.6644 9.318107039 9.318150491
0.6648 9.372043439 9.372086985
0.6652 9.420851202 9.420894831
0.6656 9.464521523 9.464565224
0.666 9.503048655 9.503092417
0.6664 9.53642993 9.536473741
0.6668 9.564665763 9.564709614
0.6672 9.587759673 9.58780355
0.6676 9.60571828 9.605762175
0.668 9.618551324 9.618595223
0.6684 9.626271657 9.62631555
0.6688 9.628895253 9.628939128
0.6692 9.626441203 9.62648505
0.6696 9.618931713 9.61897552
0.67 9.6063921 9.606435855
0.6704 9.588850782 9.588894474
0.6708 9.566339267 9.566382884
0.6712 9.538892144 9.538935675
0.6716 9.506547064 9.506590499
0.672 9.469344725 9.469388052
0.6724 9.427328852 9.427372059
0.6728 9.380546172 9.380589247
0.6732 9.32904639 9.329089323
0.6736 9.272882165 9.272924945
0.674 9.212109076 9.212151691
0.6744 9.146785592 9.146828031
0.6748 9.076973038 9.077015289
0.6752 9.002735554 9.002777607
0.6756 8.924140061 8.924181905
0.676 8.841256216 8.84129784
0.6764 8.754156371 8.754197763
0.6768 8.66291552 8.66295667
0.6772 8.567611258 8.567652155
0.6776 8.468323725 8.468364358
0.678 8.365135555 8.365175913
0.6784 8.25813182 8.258171893
0.6788 8.147399971 8.147439747
0.6792 8.033029779 8.033069249
0.6796 7.915113275 7.915152428
0.68 7.793744682 7.793783508
0.6804 7.669020353 7.669058842
0.6808 7.541038701 7.541076842
0.6812 7.409900127 7.40993791
0.6816 7.275706951 7.275744367
0.682 7.138563338 7.138600376
0.6824 6.998575221 6.998611872
0.6828 6.855850224 6.855886479
0.6832 6.710497585 6.710533433
0.6836 6.562628071 6.562663504
0.684 6.412353901 6.412388909
0.6844 6.259788658 6.259823233
0.6848 6.105047208 6.10508134
0.6852 5.948245609 5.948279289
0.6856 5.789501027 5.789534246
0.686 5.628931644 5.628964394
0.6864 5.46665657 5.466688843
0.6868 5.302795751 5.302827539
0.6872 5.137469878 5.137501172
0.6876 4.97080029 4.970831082
0.688 4.802908885 4.802939167
0.6884 4.633918021 4.633947786
0.6888 4.463950423 4.463979663
0.6892 4.293129086 4.293157794
0.6896 4.121577177 4.121605346
0.69 3.949417943 3.949445566
0.6904 3.776774606 3.776801675
0.6908 3.603770271 3.603796781
0.6912 3.430527826 3.43055377
0.6916 3.257169846 3.257195216
0.692 3.083818489 3.083843281
0.6924 2.910595408 2.910619615
0.6928 2.737621643 2.73764526
0.6932 2.565017531 2.565040552
0.6936 2.392902606 2.392925025
0.694 2.221395501 2.221417313
0.6944 2.050613854 2.050635054
0.6948 1.880674213 1.880694796
0.6952 1.711691938 1.7117119
0.6956 1.543781111 1.543800447
0.696 1.37705444 1.377073146
0.6964 1.211623168 1.21164124
0.6968 1.047596983 1.047614417
0.6972 0.8850839261 0.8851007176
0.6976 0.7241903034 0.7242064495
0.698 0.5650206005 0.5650360978
0.6984 0.4076773952 0.4076922405
0.6988 0.2522612734 0.2522754638
0.6992 0.09887074671 0.09888427951
0.6996 -0.05239782863 -0.05238495606
0.7 -0.201450331 -0.201438121
0.7004 -0.3481949507 -0.3481834055
0.7008 -0.4925422655 -0.492531387
0.7012 -0.6344053136 -0.6343951037
0.7016 -0.7736996657 -0.773690126
0.702 -0.9103434934 -0.9103346252
0.7024 -1.044257637 -1.044249441
0.7028 -1.175365668 -1.175358146
0.7032 -1.303593955 -1.303587108
0.7036 -1.42887172 -1.428865548
0.704 -1.551131097 -1.551125601
0.7044 -1.670307187 -1.670302367
0.7048 -1.78633811 -1.786333967
0.7052 -1.899165054 -1.899161586
0.7056 -2.008732321 -2.008729529
0.706 -2.114987371 -2.114985254
0.7064 -2.217880865 -2.217879423
0.7068 -2.3173667 -2.317365932
0.7072 -2.413402046 -2.413401951
0.7076 -2.505947378 -2.505947955
0.708 -2.594966503 -2.59496775
0.7084 -2.680426588 -2.680428504
0.7088 -2.762298183 -2.762300766
0.7092 -2.840555239 -2.840558488
0.7096 -2.915175126 -2.915179038
0.71 -2.986138645 -2.986143219
0.7104 -3.053430041 -3.053435273
0.7108 -3.117037004 -3.117042893
0.7112 -3.17695068 -3.176957223
0.7116 -3.233165665 -3.233172859
0.712 -3.285680007 -3.28568785
0.7124 -3.334495196 -3.334503684
0.7128 -3.379616157 -3.379625286
0.7132 -3.421051234 -3.421061001
0.7136 -3.458812179 -3.458822581
0.714 -3.492914128 -3.492925162
0.7144 -3.523375582 -3.523387243
0.7148 -3.550218377 -3.550230662
0.7152 -3.573467659 -3.573480564
0.7156 -3.59315185 -3.59316537
0.716 -3.609302612 -3.609316743
0.7164 -3.621954809 -3.621969547
0.7168 -3.631146465 -3.631161805
0.7172 -3.636918721 -3.636934659
0.7176 -3.639315783 -3.639332313
0.718 -3.638384875 -3.638401994
0.7184 -3.634176185 -3.634193886
0.7188 -3.626742803 -3.626761082
0.7192 -3.61614067 -3.616159521
0.7196 -3.602428507 -3.602447926
0.72 -3.585667757 -3.585687738
0.7204 -3.565922511 -3.565943049
0.7208 -3.543259441 -3.54328053
0.7212 -3.517747727 -3.517769362
0.7216 -3.48945898 -3.489481154
0.722 -3.458467163 -3.458489871
0.7224 -3.424848515 -3.424871751
0.7228 -3.388681462 -3.38870522
0.7232 -3.350046538 -3.350070811
0.7236 -3.309026294 -3.309051078
0.724 -3.265705213 -3.2657305
0.7244 -3.220169613 -3.220195398
0.7248 -3.172507562 -3.172533838
0.7252 -3.122808777 -3.122835537
0.7256 -3.07116453 -3.071191769
0.726 -3.01766755 -3.017695261
0.7264 -2.962411928 -2.962440104
0.7268 -2.905493008 -2.905521643
0.7272 -2.847007292 -2.847036379
0.7276 -2.787052334 -2.787081867
0.728 -2.725726637 -2.725756609
0.7284 -2.663129549 -2.663159952
0.7288 -2.599361153 -2.599391981
0.7292 -2.534522164 -2.534553411
0.7296 -2.468713821 -2.46874548
0.73 -2.40203778 -2.402069843
0.7304 -2.334596003 -2.334628464
0.7308 -2.266490652 -2.266523503
0.7312 -2.19782398 -2.197857215
0.7316 -2.128698221 -2.128731833
0.732 -2.059215482 -2.059249464
0.7324 -1.989477636 -1.98951198
0.7328 -1.919586211 -1.919620911
0.7332 -1.849642282 -1.84967733
0.7336 -1.779746368 -1.779781757
0.734 -1.709998318 -1.710034041
0.7344 -1.640497211 -1.640533261
0.7348 -1.571341249 -1.571377619
0.7352 -1.502627652 -1.502664334
0.7356 -1.434452551 -1.434489539
0.736 -1.366910896 -1.366948181
0.7364 -1.300096342 -1.300133919
0.7368 -1.23410116 -1.234139021
0.7372 -1.169016135 -1.169054272
0.7376 -1.104930468 -1.104968874
0.738 -1.041931682 -1.04197035
0.7384 -0.9801055313 -0.9801444539
0.7388 -0.9195359077 -0.9195750776
0.7392 -0.8603047521 -0.860344162
0.7396 -0.8024919674 -0.8025316102
0.74 -0.7461753338 -0.7462152021
0.7404 -0.6914304255 -0.691470512
0.7408 -0.6383305307 -0.6383708281
0.7412 -0.5869465736 -0.5869870745
0.7416 -0.5373470388 -0.537387736
0.742 -0.4895978986 -0.4896387848
0.7424 -0.4437625428 -0.4438036106
0.7428 -0.3999017111 -0.3999429533
0.7432 -0.3580734286 -0.3581148378
0.7436 -0.3183329441 -0.318374513
0.744 -0.2807326711 -0.2807743924
0.7444 -0.2453221323 -0.2453639986
0.7448 -0.2121479065 -0.2121899106
0.7452 -0.1812535795 -0.1812957139
0.7456 -0.1526796972 -0.1527219546
0.746 -0.1264637229 -0.126506096
0.7464 -0.1026399971 -0.1026824785
0.7468 -0.08123970104 -0.08128228344
0.7472 -0.06229082363 -0.06233349964
0.7476 -0.0458181314 -0.04586089366
0.748 -0.03184314232 -0.03188598345
0.7484 -0.02038410279 -0.02042701541
0.7488 -0.01145596828 -0.01149894502
0.7492 -0.005070387367 -0.005113420825
0.7496 -0.001235689333 -0.001278772114
0.75 4.31246977e-05 -6.832267472e-30
0.7504 -0.001235612913 -0.001278772114
0.7508 -0.005070234544 -0.005113420825
0.7512 -0.01145573909 -0.01149894502
0.7516 -0.02038379727 -0.02042701541
0.752 -0.03184276055 -0.03188598345
0.7524 -0.04581767347 -0.04586089366
0.7528 -0.06229028962 -0.06233349964
0.7532 -0.08123909107 -0.08128228344
0.7536 -0.1026393113 -0.1026824785
0.754 -0.1264629614 -0.126506096
0.7544 -0.1526788602 -0.1527219546
0.7548 -0.1812526672 -0.1812957139
0.7552 -0.2121469191 -0.2121899106
0.7556 -0.24532107 -0.2453639986
0.756 -0.2807315341 -0.2807743924
0.7564 -0.3183317327 -0.318374513
0.7568 -0.358072143 -0.3581148378
0.7572 -0.3999003516 -0.3999429533
0.7576 -0.4437611097 -0.4438036106
0.758 -0.4895963923 -0.4896387848
0.7584 -0.5373454596 -0.537387736
0.7588 -0.5869449218 -0.5869870745
0.7592 -0.6383288067 -0.6383708281
0.7596 -0.6914286297 -0.691470512
0.76 -0.7461734666 -0.7462152021
0.7604 -0.8024900293 -0.8025316102
0.7608 -0.8603027434 -0.860344162
0.7612 -0.9195338289 -0.9195750776
0.7616 -0.9801033829 -0.9801444539
0.762 -1.041929465 -1.04197035
0.7624 -1.104928182 -1.104968874
0.7628 -1.169013781 -1.169054272
0.7632 -1.234098739 -1.234139021
0.7636 -1.300093853 -1.300133919
0.764 -1.366908341 -1.366948181
0.7644 -1.434449931 -1.434489539
0.7648 -1.502624966 -1.502664334
0.7652 -1.571338499 -1.571377619
0.7656 -1.640494397 -1.640533261
0.766 -1.70999544 -1.710034041
0.7664 -1.779743428 -1.779781757
0.7668 -1.849639281 -1.84967733
0.7672 -1.919583148 -1.919620911
0.7676 -1.989474513 -1.98951198
0.768 -2.0592123 -2.059249464
0.7684 -2.128694979 -2.128731833
0.7688 -2.197820681 -2.197857215
0.7692 -2.266487296 -2.266523503
0.7696 -2.33459259 -2.334628464
0.77 -2.402034312 -2.402069843
0.7704 -2.468710299 -2.46874548
0.7708 -2.534518588 -2.534553411
0.7712 -2.599357524 -2.599391981
0.7716 -2.663125869 -2.663159952
0.772 -2.725722906 -2.725756609
0.7724 -2.787048553 -2.787081867
0.7728 -2.847003462 -2.847036379
0.7732 -2.90548913 -2.905521643
0.7736 -2.962408004 -2.962440104
0.774 -3.017663581 -3.017695261
0.7744 -3.071160515 -3.071191769
0.7748 -3.122804719 -3.122835537
0.7752 -3.172503462 -3.172533838
0.7756 -3.220165472 -3.220195398
0.776 -3.265701031 -3.2657305
0.7764 -3.309022074 -3.309051078
0.7768 -3.350042279 -3.350070811
0.7772 -3.388677167 -3.38870522
0.7776 -3.424844185 -3.424871751
0.778 -3.458462799 -3.458489871
0.7784 -3.489454583 -3.489481154
0.7788 -3.517743299 -3.517769362
0.7792 -3.543254983 -3.54328053
0.7796 -3.565918024 -3.565943049
0.78 -3.585663242 -3.585687738
0.7804 -3.602423966 -3.602447926
0.7808 -3.616136104 -3.616159521
0.7812 -3.626738214 -3.626761082
0.7816 -3.634171574 -3.634193886
0.782 -3.638380244 -3.638401994
0.7824 -3.639311133 -3.639332313
0.7828 -3.636914053 -3.636934659
0.7832 -3.631141781 -3.631161805
0.7836 -3.62195011 -3.621969547
0.784 -3.6092979 -3.609316743
0.7844 -3.593147127 -3.59316537
0.7848 -3.573462926 -3.573480564
0.7852 -3.550213635 -3.550230662
0.7856 -3.523370833 -3.523387243
0.786 -3.492909375 -3.492925162
0.7864 -3.458807422 -3.458822581
0.7868 -3.421046475 -3.421061001
0.7872 -3.379611397 -3.379625286
0.7876 -3.334490438 -3.334503684
0.788 -3.285675252 -3.28568785
0.7884 -3.233160915 -3.233172859
0.7888 -3.176945935 -3.176957223
0.7892 -3.117032268 -3.117042893
0.7896 -3.053425314 -3.053435273
0.79 -2.98613393 -2.986143219
0.7904 -2.915170424 -2.915179038
0.7908 -2.840550552 -2.840558488
0.7912 -2.762293512 -2.762300766
0.7916 -2.680421936 -2.680428504
0.792 -2.594961871 -2.59496775
0.7924 -2.505942768 -2.505947955
0.7928 -2.41339746 -2.413401951
0.7932 -2.31736214 -2.317365932
0.7936 -2.217876332 -2.217879423
0.794 -2.114982867 -2.114985254
0.7944 -2.008727848 -2.008729529
0.7948 -1.899160614 -1.899161586
0.7952 -1.786333705 -1.786333967
0.7956 -1.670302819 -1.670302367
0.796 -1.551126767 -1.551125601
0.7964 -1.42886743 -1.428865548
0.7968 -1.303589707 -1.303587108
0.7972 -1.175361464 -1.175358146
0.7976 -1.044253479 -1.044249441
0.798 -0.9103393832 -0.9103346252
0.7984 -0.773695605 -0.773690126
0.7988 -0.6344013042 -0.6343951037
0.7992 -0.4925383093 -0.492531387
0.7996 -0.3481910495 -0.3481834055
0.8 -0.2014464867 -0.201438121
0.8004 -0.05239404298 -0.05238495606
0.8008 0.09887447184 0.09888427951
0.8012 0.2522649362 0.2522754638
0.8016 0.4076809938 0.4076922405
0.802 0.5650241331 0.5650360978
0.8024 0.7241937682 0.7242064495
0.8028 0.8850873212 0.8851007176
0.8032 1.047600307 1.047614417
0.8036 1.211626419 1.21164124
0.804 1.377057616 1.377073146
0.8044 1.54378421 1.543800447
0.8048 1.711694958 1.7117119
0.8052 1.880677153 1.880694796
0.8056 2.050616712 2.050635054
0.806 2.221398275 2.221417313
0.8064 2.392905295 2.392925025
0.8068 2.565020134 2.565040552
0.8072 2.737624157 2.73764526
0.8076 2.910597831 2.910619615
0.808 3.08382082 3.083843281
0.8084 3.257172083 3.257195216
0.8088 3.430529969 3.43055377
0.8092 3.603772317 3.603796781
0.8096 3.776776553 3.776801675
0.81 3.94941979 3.949445566
0.8104 4.121578923 4.121605346
0.8108 4.293130729 4.293157794
0.8112 4.463951962 4.463979663
0.8116 4.633919454 4.633947786
0.812 4.802910211 4.802939167
0.8124 4.970801508 4.970831082
0.8128 5.137470985 5.137501172
0.8132 5.302796747 5.302827539
0.8136 5.466657453 5.466688843
0.814 5.628932413 5.628964394
0.8144 5.789501682 5.789534246
0.8148 5.948246148 5.948279289
0.8152 6.105047629 6.10508134
0.8156 6.259788961 6.259823233
0.816 6.412354084 6.412388909
0.8164 6.562628133 6.562663504
0.8168 6.710497525 6.710533433
0.8172 6.855850041 6.855886479
0.8176 6.998574914 6.998611872
0.818 7.138562906 7.138600376
0.8184 7.275706394 7.275744367
0.8188 7.409899443 7.40993791
0.8192 7.54103789 7.541076842
0.8196 7.669019414 7.669058842
0.82 7.793743614 7.793783508
0.8204 7.915112077 7.915152428
0.8208 8.033028451 8.033069249
0.8212 8.147398511 8.147439747
0.8216 8.258130229 8.258171893
0.822 8.365133833 8.365175913
0.8224 8.46832187 8.468364358
0.8228 8.56760927 8.567652155
0.8232 8.662913398 8.66295667
0.8236 8.754154115 8.754197763
0.824 8.841253827 8.84129784
0.8244 8.924137537 8.924181905
0.8248 9.002732895 9.002777607
0.8252 9.076970244 9.077015289
0.8256 9.146782664 9.146828031
0.826 9.212106013 9.212151691
0.8264 9.272878967 9.272924945
0.8268 9.329043057 9.329089323
0.8272 9.380542703 9.380589247
0.8276 9.427325249 9.427372059
0.828 9.469340988 9.469388052
0.8284 9.506543192 9.506590499
0.8288 9.538888137 9.538935675
0.8292 9.566335126 9.566382884
0.8296 9.588846508 9.588894474
0.83 9.606387693 9.606435855
0.8304 9.618927173 9.61897552
0.8308 9.626436531 9.62648505
0.8312 9.628890449 9.628939128
0.8316 9.626266722 9.62631555
0.832 9.618546259 9.618595223
0.8324 9.605713085 9.605762175
0.8328 9.587754349 9.58780355
0.8332 9.564660311 9.564709614
0.8336 9.53642435 9.536473741
0.834 9.50304295 9.503092417
0.8344 9.464515692 9.464565224
0.8348 9.420845247 9.420894831
0.8352 9.372037361 9.372086985
0.8356 9.318100838 9.318150491
0.836 9.259047526 9.259097195
0.8364 9.194892296 9.194941968
0.8368 9.125653018 9.125702682
0.8372 9.051350541 9.051400186
0.8376 8.972008668 8.97205828
0.838 8.887654122 8.88770369
0.8384 8.798316524 8.798366036
0.8388 8.704028357 8.7040778
0.8392 8.604824933 8.604874296
0.8396 8.50074436 8.500793631
0.84 8.391827502 8.391876669
0.8404 8.278117942 8.278166993
0.8408 8.159661943 8.159710867
0.8412 8.036508402 8.036557187
0.8416 7.908708811 7.908757445
0.842 7.776317208 7.776365679
0.8424 7.639390132 7.639438429
0.8428 7.497986575 7.498034687
0.8432 7.352167933 7.352215848
0.8436 7.201997953 7.20204566
0.844 7.047542685 7.047590171
0.8444 6.888870422 6.888917678
0.8448 6.726051653 6.726098667
0.8452 6.559159004 6.559205764
0.8456 6.388267178 6.388313674
0.846 6.213452904 6.213499125
0.8464 6.034794873 6.034840808
0.8468 5.852373681 5.85241932
0.8472 5.666271769 5.666317101
0.8476 5.476573358 5.476618372
0.848 5.283364393 5.283409078
0.8484 5.086732475 5.086776821
0.8488 4.8867668 4.886810798
0.8492 4.683558097 4.683601736
0.8496 4.477198561 4.47724183
0.85 4.267781788 4.267824678
0.8504 4.055402712 4.055445213
0.8508 3.840157539 3.840199641
0.8512 3.622143679 3.622185373
0.8516 3.401459682 3.401500959
0.852 3.178205173 3.178246022
0.8524 2.95248078 2.952521194
0.8528 2.724388076 2.724428044
0.8532 2.494029504 2.494069017
0.8536 2.261508315 2.261547365
0.854 2.026928502 2.02696708
0.8544 1.790394732 1.790432829
0.8548 1.55201228 1.552049887
0.8552 1.311886962 1.311924071
0.8556 1.070125072 1.070161676
0.856 0.8268333164 0.8268694053
0.8564 0.5821187445 0.5821543112
0.8568 0.3360886889 0.3361237256
0.8572 0.08885069885 0.08888519784
0.8576 -0.159487523 -0.1594535694
0.858 -0.4088181842 -0.4087847832
0.8584 -0.6590334646 -0.6590006237
0.8588 -0.910025579 -0.9099933053
0.8592 -1.161686839 -1.161655139
0.8596 -1.413909711 -1.413878592
0.86 -1.666586881 -1.666556351
0.8604 -1.919611311 -1.919581375
0.8608 -2.172876297 -2.172846962
0.8612 -2.426275528 -2.426246799
0.8616 -2.679703143 -2.679675027
0.862 -2.933053785 -2.933026289
0.8624 -3.18622266 -3.186195789
0.8628 -3.439105588 -3.439079347
0.8632 -3.691599057 -3.691573452
0.8636 -3.943600275 -3.943575311
0.864 -4.195007221 -4.194982904
0.8644 -4.445718697 -4.445695032
0.8648 -4.695634375 -4.695611366
0.8652 -4.944654846 -4.944632499
0.8656 -5.192681667 -5.192659986
0.866 -5.439617406 -5.439596395
0.8664 -5.685365687 -5.685345351
0.8668 -5.929831235 -5.929811578
0.8672 -6.172919916 -6.172900941
0.8676 -6.414538778 -6.41452049
0.868 -6.654596094 -6.654578496
0.8684 -6.893001398 -6.892984493
0.8688 -7.129665523 -7.129649316
0.8692 -7.364500638 -7.364485131
0.8696 -7.597420284 -7.59740548
0.87 -7.828339402 -7.828325305
0.8704 -8.057174375 -8.057160986
0.8708 -8.283843051 -8.283830374
0.8712 -8.508264777 -8.508252813
0.8716 -8.730360426 -8.730349177
0.872 -8.950052425 -8.950041895
0.8724 -9.167264784 -9.167254974
0.8728 -9.381923115 -9.381914026
0.8732 -9.59395466 -9.593946294
0.8736 -9.803288312 -9.803280671
0.874 -10.00985464 -10.00984772
0.8744 -10.21358589 -10.2135797
0.8748 -10.41441604 -10.41441058
0.8752 -10.61228079 -10.61227606
0.8756 -10.80711757 -10.80711357
0.876 -10.99886557 -10.9988623
0.8764 -11.18746578 -11.18746324
0.8768 -11.37286094 -11.37285913
0.8772 -11.5549956 -11.55499452
0.8776 -11.73381611 -11.73381576
0.878 -11.90927065 -11.90927103
0.8784 -12.08130921 -12.08131032
0.8788 -12.24988359 -12.24988543
0.8792 -12.41494745 -12.41495002
0.8796 -12.57645628 -12.57645957
0.88 -12.7343674 -12.73437142
0.8804 -12.88863998 -12.88864472
0.8808 -13.03923503 -13.03924049
0.8812 -13.18611539 -13.18612158
0.8816 -13.32924576 -13.32925267
0.882 -13.46859267 -13.4686003
0.8824 -13.60412447 -13.60413282
0.8828 -13.73581136 -13.73582042
0.8832 -13.86362535 -13.86363512
0.8836 -13.98754027 -13.98755075
0.884 -14.10753175 -14.10754294
0.8844 -14.22357725 -14.22358914
0.8848 -14.33565599 -14.33566858
0.8852 -14.44374897 -14.44376226
0.8856 -14.54783899 -14.54785298
0.886 -14.64791059 -14.64792526
0.8864 -14.74395004 -14.7439654
0.8868 -14.83594535 -14.83596141
0.8872 -14.92388628 -14.92390301
0.8876 -15.00776423 -15.00778164
0.888 -15.08757234 -15.08759042
0.8884 -15.16330538 -15.16332413
0.8888 -15.23495979 -15.23497921
0.8892 -15.30253365 -15.30255373
0.8896 -15.36602663 -15.36604737
0.89 -15.42544001 -15.4254614
0.8904 -15.48077664 -15.48079868
0.8908 -15.53204093 -15.53206361
0.8912 -15.57923881 -15.57926213
0.8916 -15.62237774 -15.62240168
0.892 -15.66146664 -15.66149122
0.8924 -15.69651593 -15.69654112
0.8928 -15.72753744 -15.72756325
0.8932 -15.75454445 -15.75457087
0.8936 -15.7775516 -15.77757862
0.894 -15.79657492 -15.79660254
0.8944 -15.8116318 -15.81166001
0.8948 -15.82274092 -15.82276971
0.8952 -15.82992226 -15.82995164
0.8956 -15.83319709 -15.83322704
0.896 -15.8325879 -15.83261841
0.8964 -15.8281184 -15.82814948
0.8968 -15.8198135 -15.81984513
0.8972 -15.80769926 -15.80773143
0.8976 -15.79180287 -15.79183559
0.898 -15.77215265 -15.7721859
0.8984 -15.74877797 -15.74881174
0.8988 -15.72170927 -15.72174356
0.8992 -15.69097802 -15.69101282
0.8996 -15.65661666 -15.65665196
0.9 -15.61865862 -15.61869442
0.9004 -15.57713827 -15.57717455
0.9008 -15.53209088 -15.53212764
0.9012 -15.4835526 -15.48358984
0.9016 -15.43156046 -15.43159816
0.902 -15.37615229 -15.37619045
0.9024 -15.31736674 -15.31740534
0.9028 -15.2552432 -15.25528224
0.9032 -15.18982184 -15.18986131
0.9036 -15.12114351 -15.12118341
0.904 -15.04924978 -15.04929009
0.9044 -14.97418285 -14.97422357
0.9048 -14.89598557 -14.89602668
0.9052 -14.81470137 -14.81474287
0.9056 -14.73037428 -14.73041616
0.906 -14.64304886 -14.64309111
0.9064 -14.55277021 -14.55281282
0.9068 -14.45958391 -14.45962687
0.9072 -14.363536 -14.3635793
0.9076 -14.26467298 -14.26471662
0.908 -14.16304175 -14.16308571
0.9084 -14.0586896 -14.05873388
0.9088 -13.95166419 -13.95170877
0.9092 -13.84201351 -13.84205839
0.9096 -13.72978586 -13.72983103
0.91 -13.61502983 -13.61507528
0.9104 -13.49779428 -13.49783999
0.9108 -13.37812827 -13.37817425
0.9112 -13.25608113 -13.25612735
0.9116 -13.13170232 -13.13174878
0.912 -13.00504151 -13.0050882
0.9124 -12.87614849 -12.8761954
0.9128 -12.74507318 -12.74512029
0.9132 -12.61186558 -12.61191289
0.9136 -12.47657577 -12.47662328
0.914 -12.3392539 -12.33930158
0.9144 -12.19995013 -12.19999798
0.9148 -12.05871464 -12.05876265
0.9152 -11.91559759 -11.91564575
0.9156 -11.77064911 -11.77069742
0.916 -11.6239193 -11.62396773
0.9164 -11.47545816 -11.47550671
0.9168 -11.32531562 -11.32536428
0.9172 -11.17354148 -11.17359024
0.9176 -11.02018543 -11.02023428
0.918 -10.86529701 -10.86534594
0.9184 -10.7089256 -10.70897459
0.9188 -10.55112039 -10.55116944
0.9192 -10.39193039 -10.39197948
0.9196 -10.23140436 -10.2314535
0.92 -10.06959088 -10.06964005
0.9204 -9.906538256 -9.906587434
0.9208 -9.742294528 -9.742343713
0.9212 -9.576907477 -9.576956658
0.9216 -9.410424587 -9.410473753
0.922 -9.242893039 -9.242942182
0.9224 -9.074359699 -9.074408808
0.9228 -8.904871102 -8.904920166
0.9232 -8.734473439 -8.734522448
0.9236 -8.563212548 -8.563261492
0.924 -8.391133898 -8.391182767
0.9244 -8.21828258 -8.218331365
0.9248 -8.044703298 -8.044751988
0.9252 -7.870440353 -7.870488938
0.9256 -7.695537636 -7.695586106
0.926 -7.520038619 -7.520086963
0.9264 -7.343986342 -7.344034551
0.9268 -7.167423408 -7.167471473
0.9272 -6.990391971 -6.990439882
0.9276 -6.812933731 -6.812981477
0.928 -6.635089923 -6.635137495
0.9284 -6.45690131 -6.456948697
0.9288 -6.278408176 -6.27845537
0.9292 -6.099650322 -6.099697313
0.9296 -5.920667056 -5.920713834
0.93 -5.741497187 -5.741543743
0.9304 -5.562179021 -5.562225346
0.9308 -5.382750357 -5.38279644
0.9312 -5.203248476 -5.203294309
0.9316 -5.023710146 -5.023755719
0.932 -4.844171606 -4.84421691
0.9324 -4.664668572 -4.664713599
0.9328 -4.485236229 -4.485280969
0.9332 -4.305909228 -4.305953672
0.9336 -4.126721681 -4.126765821
0.934 -3.947707164 -3.94775099
0.9344 -3.768898709 -3.768942213
0.9348 -3.590328804 -3.590371977
0.9352 -3.412029392 -3.412072226
0.9356 -3.234031869 -3.234074355
0.936 -3.056367083 -3.056409212
0.9364 -2.879065331 -2.879107095
0.9368 -2.702156361 -2.702197753
0.9372 -2.525669372 -2.525710384
0.9376 -2.349633013 -2.349673636
0.938 -2.174075381 -2.174115607
0.9384 -1.999024025 -1.999063847
0.9388 -1.824505945 -1.824545354
0.9392 -1.650547592 -1.650586582
0.9396 -1.477174873 -1.477213436
0.94 -1.304413148 -1.304451276
0.9404 -1.132287233 -1.132324919
0.9408 -0.9608214028 -0.9608586402
0.9412 -0.7900393941 -0.7900761756
0.9416 -0.619964405 -0.6200007236
0.942 -0.4506190991 -0.450654948
0.9424 -0.2820256083 -0.2820609809
0.9428 -0.1142055355 -0.1142404252
0.9432 0.05282004251 0.05278564206
0.9436 0.2190305713 0.2189966664
0.944 0.3844060156 0.3843726125
0.9444 0.5489268557 0.5488939605
0.9448 0.7125740837 0.7125417022
0.9452 0.875329199 0.8752973371
0.9456 1.037174205 1.037142868
0.946 1.198091603 1.198060798
0.9464 1.358064392 1.358034123
0.9468 1.517076059 1.517046331
0.9472 1.675110576 1.675081394
0.9476 1.832152398 1.832123767
0.948 1.988186454 1.98815838
0.9484 2.143198143 2.14317063
0.9488 2.297173333 2.297146386
0.9492 2.450098349 2.450071971
0.9496 2.60195997 2.601934167
0.95 2.752745428 2.752720204
0.9504 2.902442396 2.902417753
0.9508 3.051038984 3.051014928
0.9512 3.198523737 3.198500271
0.9516 3.344885625 3.344862753
0.952 3.490114038 3.490091762
0.9524 3.63419878 3.634177105
0.9528 3.777130065 3.777108993
0.9532 3.918898507 3.918878041
0.9536 4.059495118 4.05947526
0.954 4.198911298 4.198892052
0.9544 4.33713883 4.337120199
0.9548 4.474169878 4.474151862
0.9552 4.609996971 4.609979574
0.9556 4.744613006 4.744596229
0.956 4.878011236 4.877995082
0.9564 5.010185266 5.010169736
0.9568 5.141129046 5.141114142
0.9572 5.270836863 5.270822586
0.9576 5.399303336 5.399289687
0.958 5.52652341 5.526510391
0.9584 5.652492347 5.652479958
0.9588 5.777205722 5.777193963
0.9592 5.900659413 5.900648286
0.9596 6.022849598 6.022839103
0.96 6.143772748 6.143762885
0.9604 6.263425618 6.263416387
0.9608 6.381805241 6.381796642
0.9612 6.498908922 6.498900956
0.9616 6.614734234 6.6147269
0.962 6.729279006 6.729272303
0.9624 6.842541321 6.842535248
0.9628 6.954519506 6.954514063
0.9632 7.065212129 7.065207314
0.9636 7.17461799 7.174613803
0.964 7.282736114 7.282732554
0.9644 7.389565749 7.389562813
0.9648 7.495106353 7.49510404
0.9652 7.599357593 7.599355901
0.9656 7.702319335 7.702318263
0.966 7.803991641 7.803991186
0.9664 7.904374759 7.90437492
0.9668 8.003469122 8.003469895
0.9672 8.101275336 8.101276719
0.9676 8.197794176 8.197796167
0.968 8.293026583 8.293029178
0.9684 8.386973653 8.38697685
0.9688 8.479636634 8.479640429
0.9692 8.571016921 8.57102131
0.9696 8.661116044 8.661121026
0.97 8.749935672 8.749941242
0.9704 8.837477599 8.837483753
0.9708 8.923743741 8.923750475
0.9712 9.008736131 9.008743441
0.9716 9.092456913 9.092464795
0.972 9.174908336 9.174916786
0.9724 9.256092749 9.256101762
0.9728 9.336012595 9.336022166
0.9732 9.414670405 9.414680531
0.9736 9.492068797 9.492079471
0.974 9.568210463 9.568221682
0.9744 9.643098173 9.64310993
0.9748 9.716734761 9.716747051
0.9752 9.789123126 9.789135945
0.9756 9.860266226 9.860279567
0.976 9.930167072 9.930180929
0.9764 9.998828721 9.998843089
0.9768 10.06625428 10.06626915
0.9772 10.13244688 10.13246225
0.9776 10.19740971 10.19742558
0.978 10.26114597 10.26116232
0.9784 10.3236589 10.32367573
0.9788 10.38495174 10.38496904
0.9792 10.44502776 10.44504553
0.9796 10.50389025 10.50390848
0.98 10.5615425 10.56156119
0.9804 10.61798781 10.61800693
0.9808 10.67322946 10.67324903
0.9812 10.72727075 10.72729075
0.9816 10.78011497 10.78013539
0.982 10.83176538 10.83178622
0.9824 10.88222525 10.8822465
0.9828 10.93149782 10.93151947
0.9832 10.9795863 10.97960834
0.9836 11.02649388 11.02651631
0.984 11.07222373 11.07224654
0.9844 11.11677899 11.11680216
0.9848 11.16016273 11.16018627
0.9852 11.20237803 11.20240192
0.9856 11.2434279 11.24345214
0.986 11.28331531 11.28333988
0.9864 11.32204318 11.32206808
0.9868 11.35961438 11.3596396
0.9872 11.39603174 11.39605727
0.9876 11.43129802 11.43132385
0.988 11.46541592 11.46544205
0.9884 11.4983881 11.49841451
0.9888 11.53021713 11.53024381
0.9892 11.56090552 11.56093247
0.9896 11.59045573 11.59048294
0.99 11.61887014 11.6188976
0.9904 11.64615105 11.64617874
0.9908 11.67230069 11.67232861
0.9912 11.69732122 11.69734936
0.9916 11.72121471 11.72124307
0.992 11.74398317 11.74401173
0.9924 11.76562851 11.76565726
0.9928 11.78615257 11.7861815
0.9932 11.80555708 11.80558618
0.9936 11.82384372 11.82387299
0.994 11.84101406 11.84104348
0.9944 11.85706958 11.85709915
0.9948 11.87201169 11.87204138
0.9952 11.88584168 11.8858715
0.9956 11.89856077 11.8985907
0.996 11.91017007 11.91020011
0.9964 11.92067061 11.92070075
0.9968 11.93006333 11.93009354
0.9972 11.93834904 11.93837934
0.9976 11.9455285 11.94555886
0.998 11.95160235 11.95163276
0.9984 11.95657111 11.95660157
0.9988 11.96043524 11.96046574
0.9992 11.96319509 11.96322561
0.9996 11.9648509 11.96488143
