0 1.658047388 1.658047434
0.0006666666667 1.660768324 1.66076837
0.001333333333 1.668930678 1.668930725
0.002 1.68253308 1.682533128
0.002666666667 1.701573243 1.701573292
0.003333333333 1.72604795 1.726048
0.004 1.755953042 1.755953094
0.004666666667 1.791283403 1.791283457
0.005333333333 1.832032936 1.832032992
0.006 1.878194539 1.878194598
0.006666666667 1.929760079 1.929760141
0.007333333333 1.986720356 1.986720422
0.008 2.049065071 2.049065141
0.008666666667 2.116782785 2.116782859
0.009333333333 2.189860876 2.189860954
0.01 2.268285492 2.268285575
0.01066666667 2.352041503 2.35204159
0.01133333333 2.441112443 2.441112536
0.012 2.53548046 2.535480558
0.01266666667 2.63512625 2.635126354
0.01333333333 2.740028994 2.740029104
0.014 2.850166294 2.85016641
0.01466666667 2.9655141 2.965514222
0.01533333333 3.08604664 3.086046769
0.016 3.21173634 3.211736476
0.01666666667 3.342553748 3.342553891
0.01733333333 3.478467452 3.478467602
0.018 3.619443994 3.619444152
0.01866666667 3.765447783 3.765447949
0.01933333333 3.916441007 3.916441181
0.02 4.072383539 4.072383721
0.02066666667 4.233232843 4.233233033
0.02133333333 4.398943879 4.398944076
0.022 4.569469001 4.569469207
0.02266666667 4.744757861 4.744758076
0.02333333333 4.924757304 4.924757527
0.024 5.109411265 5.109411497
0.02466666667 5.298660665 5.298660905
0.02533333333 5.492443301 5.49244355
0.026 5.690693743 5.690694002
0.02666666667 5.893343225 5.893343493
0.02733333333 6.100319535 6.100319811
0.028 6.311546903 6.311547189
0.02866666667 6.526945899 6.526946193
0.02933333333 6.746433315 6.746433618
0.03 6.969922062 6.969922374
0.03066666667 7.197321056 7.197321376
0.03133333333 7.428535114 7.428535443
0.032 7.663464845 7.663465183
0.03266666667 7.902006544 7.902006891
0.03333333333 8.144052086 8.144052442
0.034 8.389488826 8.38948919
0.03466666667 8.638199497 8.638199869
0.03533333333 8.890062109 8.890062489
0.036 9.144949859 9.144950247
0.03666666667 9.402731032 9.402731428
0.03733333333 9.663268917 9.663269321
0.038 9.926421717 9.926422129
0.03866666667 10.19204247 10.19204289
0.03933333333 10.45997897 10.4599794
0.04 10.73007369 10.73007413
0.04066666667 11.00216373 11.00216417
0.04133333333 11.27608074 11.27608119
0.042 11.55165085 11.55165131
0.04266666667 11.82869467 11.82869512
0.04333333333 12.10702717 12.10702763
0.044 12.38645772 12.38645819
0.04466666667 12.66679002 12.66679049
0.04533333333 12.94782207 12.94782255
0.046 13.22934619 13.22934667
0.04666666667 13.51114898 13.51114946
0.04733333333 13.79301134 13.79301183
0.048 14.07470849 14.07470898
0.04866666667 14.35600998 14.35601048
0.04933333333 14.63667974 14.63668024
0.05 14.9164761 14.9164766
0.05066666667 15.19515185 15.19515236
0.05133333333 15.47245434 15.47245484
0.052 15.74812549 15.748126
0.05266666667 16.02190196 16.02190247
0.05333333333 16.29351519 16.2935157
0.054 16.56269154 16.56269205
0.05466666667 16.82915243 16.82915293
0.05533333333 17.09261444 17.09261495
0.056 17.35278952 17.35279003
0.05666666667 17.60938514 17.60938564
0.05733333333 17.86210443 17.86210494
0.058 18.11064648 18.11064698
0.05866666667 18.35470643 18.35470693
0.05933333333 18.59397581 18.5939763
0.06 18.82814272 18.82814321
0.06066666667 19.05689212 19.05689261
0.06133333333 19.2799061 19.27990659
0.062 19.49686417 19.49686465
0.06266666667 19.70744356 19.70744404
0.06333333333 19.91131959 19.91132006
0.064 20.10816597 20.10816643
0.06466666667 20.29765515 20.29765561
0.06533333333 20.47945876 20.47945921
0.066 20.65324793 20.65324837
0.06666666667 20.81869374 20.81869418
0.06733333333 20.97546764 20.97546807
0.068 21.12324188 21.1232423
0.06866666667 21.26168999 21.2616904
0.06933333333 21.3904872 21.3904876
0.07 21.509311 21.5093114
0.07066666667 21.61784161 21.61784199
0.07133333333 21.71576247 21.71576285
0.072 21.80276083 21.80276119
0.07266666667 21.87852824 21.87852859
0.07333333333 21.94276115 21.9427615
0.074 21.99516148 21.99516181
0.07466666667 22.03543717 22.03543749
0.07533333333 22.0633028 22.06330311
0.076 22.07848022 22.07848052
0.07666666667 22.08069912 22.08069941
0.07733333333 22.06969767 22.06969795
0.078 22.04522319 22.04522345
0.07866666667 22.00703272 22.00703297
0.07933333333 21.95489374 21.95489397
0.08 21.88858476 21.88858498
0.08066666667 21.80789602 21.80789623
0.08133333333 21.71263012 21.71263032
0.082 21.6026027 21.60260288
0.08266666667 21.47764306 21.47764323
0.08333333333 21.33759487 21.33759502
0.084 21.18231678 21.18231692
0.08466666667 21.01168308 21.01168321
0.08533333333 20.82558439 20.8255845
0.086 20.6239282 20.6239283
0.08666666667 20.4066396 20.40663968
0.08733333333 20.17366182 20.17366189
0.088 19.92495688 19.92495694
0.08866666667 19.66050617 19.66050621
0.08933333333 19.38031099 19.38031102
0.09 19.08439316 19.08439318
0.09066666667 18.77279551 18.77279552
0.09133333333 18.44558243 18.44558242
0.092 18.10284032 18.10284029
0.09266666667 17.74467809 17.74467805
0.09333333333 17.37122759 17.37122753
0.094 16.98264399 16.98264393
0.09466666667 16.57910622 16.57910614
0.09533333333 16.16081724 16.16081715
0.096 15.72800439 15.72800428
0.09666666667 15.28091965 15.28091953
0.09733333333 14.81983989 14.81983976
0.098 14.34506703 14.34506689
0.09866666667 13.85692821 13.85692806
0.09933333333 13.3557759 13.35577573
0.1 12.84198793 12.84198775
0.1006666667 12.31596752 12.31596732
0.1013333333 11.77814324 11.77814303
0.102 11.22896891 11.22896869
0.1026666667 10.66892346 10.66892324
0.1033333333 10.09851075 10.09851051
0.104 9.51825927 9.518259022
0.1046666667 8.928721871 8.928721614
0.1053333333 8.330475381 8.330475114
0.106 7.724120178 7.724119901
0.1066666667 7.1102797 7.110279415
0.1073333333 6.489599903 6.489599608
0.108 5.862748643 5.86274834
0.1086666667 5.230415009 5.230414698
0.1093333333 4.593308589 4.59330827
0.11 3.95215867 3.952158344
0.1106666667 3.307713382 3.307713049
0.1113333333 2.660738773 2.660738433
0.112 2.012017825 2.01201748
0.1126666667 1.362349412 1.362349061
0.1133333333 0.7125471853 0.7125468287
0.114 0.06343841037 0.06343804877
0.1146666667 -0.5841372619 -0.584137628
0.1153333333 -1.229329081 -1.229329452
0.116 -1.871276541 -1.871276915
0.1166666667 -2.509110777 -2.509111154
0.1173333333 -3.141956017 -3.141956398
0.118 -3.768931089 -3.768931471
0.1186666667 -4.389150967 -4.389151352
0.1193333333 -5.001728379 -5.001728765
0.12 -5.605775446 -5.605775834
0.1206666667 -6.20040537 -6.200405758
0.1213333333 -6.784734158 -6.784734546
0.122 -7.357882384 -7.357882772
0.1226666667 -7.918976979 -7.918977366
0.1233333333 -8.467153053 -8.467153439
0.124 -9.001555739 -9.001556124
0.1246666667 -9.521342063 -9.521342446
0.1253333333 -10.02568282 -10.0256832
0.126 -10.51376447 -10.51376485
0.1266666667 -10.98479106 -10.98479143
0.1273333333 -11.43798607 -11.43798644
0.128 -11.87259441 -11.87259477
0.1286666667 -12.28788422 -12.28788458
0.1293333333 -12.68314883 -12.68314919
0.13 -13.05770858 -13.05770893
0.1306666667 -13.41091268 -13.41091303
0.1313333333 -13.74214105 -13.74214139
0.132 -14.05080607 -14.0508064
0.1326666667 -14.33635433 -14.33635466
0.1333333333 -14.59826838 -14.5982687
0.134 -14.83606831 -14.83606862
0.1346666667 -15.0493134 -15.0493137
0.1353333333 -15.23760364 -15.23760393
0.136 -15.40058119 -15.40058147
0.1366666667 -15.53793179 -15.53793207
0.1373333333 -15.6493861 -15.64938636
0.138 -15.73472087 -15.73472113
0.1386666667 -15.79376018 -15.79376042
0.1393333333 -15.82637642 -15.82637666
0.14 -15.83249131 -15.83249154
0.1406666667 -15.8120767 -15.81207692
0.1413333333 -15.76515537 -15.76515557
0.142 -15.69180162 -15.69180181
0.1426666667 -15.59214183 -15.59214201
0.1433333333 -15.46635483 -15.46635499
0.144 -15.31467219 -15.31467234
0.1446666667 -15.13737838 -15.13737852
0.1453333333 -14.93481076 -14.93481089
0.146 -14.7073595 -14.70735961
0.1466666667 -14.45546729 -14.4554674
0.1473333333 -14.17962901 -14.1796291
0.148 -13.88039114 -13.88039121
0.1486666667 -13.55835112 -13.55835118
0.1493333333 -13.21415657 -13.21415662
0.15 -12.84850428 -12.84850432
0.1506666667 -12.46213918 -12.4621392
0.1513333333 -12.05585304 -12.05585305
0.152 -11.63048316 -11.63048316
0.1526666667 -11.18691082 -11.1869108
0.1533333333 -10.72605961 -10.72605957
0.154 -10.24889368 -10.24889363
0.1546666667 -9.75641581 -9.756415747
0.1553333333 -9.249665334 -9.249665257
0.156 -8.729715994 -8.729715902
0.1566666667 -8.197673625 -8.19767352
0.1573333333 -7.654673747 -7.654673628
0.158 -7.101879037 -7.101878904
0.1586666667 -6.54047669 -6.540476544
0.1593333333 -5.971675696 -5.971675536
0.16 -5.396704003 -5.396703829
0.1606666667 -4.816805607 -4.81680542
0.1613333333 -4.23323756 -4.23323736
0.162 -3.647266901 -3.647266688
0.1626666667 -3.06016753 -3.060167304
0.1633333333 -2.473217022 -2.473216784
0.164 -1.887693398 -1.887693147
0.1646666667 -1.304871857 -1.304871595
0.1653333333 -0.7260214811 -0.7260212075
0.166 -0.1524019244 -0.1524016395
0.1666666667 0.4147399109 0.4147402068
0.1673333333 0.9741731907 0.9741734972
0.168 1.524686455 1.524686772
0.1686666667 2.065090903 2.06509123
0.1693333333 2.594223638 2.594223974
0.17 3.110950876 3.110951222
0.1706666667 3.614171096 3.61417145
0.1713333333 4.10281812 4.102818482
0.172 4.575864125 4.575864496
0.1726666667 5.032322565 5.032322943
0.1733333333 5.47125099 5.471251375
0.174 5.891753768 5.891754159
0.1746666667 6.292984679 6.292985077
0.1753333333 6.674149394 6.674149797
0.176 7.034507801 7.034508209
0.1766666667 7.373376201 7.373376614
0.1773333333 7.690129342 7.690129759
0.178 7.984202286 7.984202706
0.1786666667 8.255092113 8.255092537
0.1793333333 8.502359443 8.502359869
0.18 8.725629771 8.725630199
0.1806666667 8.924594612 8.924595041
0.1813333333 9.09901245 9.099012879
0.182 9.24870948 9.24870991
0.1826666667 9.373580149 9.373580579
0.1833333333 9.473587481 9.47358791
0.184 9.548763187 9.548763615
0.1846666667 9.599207566 9.599207992
0.1853333333 9.62508918 9.625089603
0.186 9.626644313 9.626644733
0.1866666667 9.604176212 9.60417663
0.1873333333 9.558054111 9.558054524
0.188 9.488712029 9.488712438
0.1886666667 9.39664737 9.396647774
0.1893333333 9.282419295 9.282419693
0.19 9.146646896 9.146647288
0.1906666667 8.990007165 8.990007551
0.1913333333 8.813232768 8.813233147
0.192 8.617109623 8.617109994
0.1926666667 8.402474299 8.402474662
0.1933333333 8.170211237 8.170211593
0.194 7.921249809 7.921250156
0.1946666667 7.656561208 7.656561546
0.1953333333 7.3771552 7.377155529
0.196 7.084076738 7.084077057
0.1966666667 6.778402444 6.778402753
0.1973333333 6.461236982 6.46123728
0.198 6.133709329 6.133709616
0.1986666667 5.796968956 5.796969232
0.1993333333 5.452181931 5.452182196
0.2 5.100526969 5.100527222
0.2006666667 4.743191421 4.743191663
0.2013333333 4.381367245 4.381367475
0.202 4.016246945 4.016247162
0.2026666667 3.649019516 3.649019721
0.2033333333 3.280866394 3.280866586
0.204 2.912957438 2.912957617
0.2046666667 2.546446947 2.546447114
0.2053333333 2.182469742 2.182469896
0.206 1.822137309 1.822137449
0.2066666667 1.466534036 1.466534163
0.2073333333 1.11671355 1.116713664
0.208 0.7736951663 0.7736952672
0.2086666667 0.4384604648 0.4384605525
0.2093333333 0.1119500148 0.1119500893
0.21 -0.2049397502 -0.2049396888
0.2106666667 -0.5113594884 -0.51135944
0.2113333333 -0.8065097259 -0.8065096905
0.212 -1.089643443 -1.08964342
0.2126666667 -1.360068457 -1.360068448
0.2133333333 -1.6171496 -1.617149603
0.214 -1.860310668 -1.860310683
0.2146666667 -2.089036146 -2.089036174
0.2153333333 -2.302872705 -2.302872745
0.216 -2.501430442 -2.501430494
0.2166666667 -2.684383885 -2.684383949
0.2173333333 -2.851472742 -2.851472818
0.218 -3.002502398 -3.002502485
0.2186666667 -3.137344146 -3.137344244
0.2193333333 -3.255935169 -3.255935278
0.22 -3.358278259 -3.358278379
0.2206666667 -3.444441273 -3.444441403
0.2213333333 -3.514556341 -3.514556481
0.222 -3.568818812 -3.568818963
0.2226666667 -3.607485955 -3.607486115
0.2233333333 -3.630875411 -3.63087558
0.224 -3.639363409 -3.639363587
0.2246666667 -3.63338275 -3.633382936
0.2253333333 -3.613420561 -3.613420756
0.226 -3.580015843 -3.580016046
0.2266666667 -3.533756805 -3.533757016
0.2273333333 -3.47527801 -3.475278228
0.228 -3.40525733 -3.405257556
0.2286666667 -3.324412739 -3.324412972
0.2293333333 -3.233498941 -3.23349918
0.23 -3.13330386 -3.133304105
0.2306666667 -3.024644994 -3.024645245
0.2313333333 -2.908365661 -2.908365918
0.232 -2.785331146 -2.785331408
0.2326666667 -2.656424755 -2.656425023
0.2333333333 -2.522543819 -2.522544091
0.234 -2.384595634 -2.384595911
0.2346666667 -2.243493376 -2.243493657
0.2353333333 -2.100151999 -2.100152283
0.236 -1.955484132 -1.955484419
0.2366666667 -1.810395999 -1.81039629
0.2373333333 -1.665783373 -1.665783667
0.238 -1.522527582 -1.522527879
0.2386666667 -1.38149159 -1.381491889
0.2393333333 -1.243516155 -1.243516457
0.24 -1.109416104 -1.109416408
0.2406666667 -0.9799767142 -0.9799770195
0.2413333333 -0.8559502338 -0.8559505406
0.242 -0.7380525544 -0.7380528625
0.2426666667 -0.6269600418 -0.6269603509
0.2433333333 -0.5233065462 -0.5233068561
0.244 -0.4276806018 -0.4276809123
0.2446666667 -0.3406228275 -0.3406231384
0.2453333333 -0.2626235403 -0.2626238514
0.246 -0.1941205921 -0.1941209031
0.2466666667 -0.135497438 -0.1354977488
0.2473333333 -0.08708144543 -0.08708175571
0.248 -0.04914245078 -0.04914276042
0.2486666667 -0.02189157015 -0.02189187893
0.2493333333 -0.005480268748 -0.005480576482
0.25 3.064962625e-07 -1.17168733e-30
0.2506666667 -0.005480271414 -0.005480576482
0.2513333333 -0.02189157548 -0.02189187893
0.252 -0.04914245877 -0.04914276042
0.2526666667 -0.08708145606 -0.08708175571
0.2533333333 -0.1354974513 -0.1354977488
0.254 -0.194120608 -0.1941209031
0.2546666667 -0.2626235588 -0.2626238514
0.2553333333 -0.3406228485 -0.3406231384
0.256 -0.4276806254 -0.4276809123
0.2566666667 -0.5233065723 -0.5233068561
0.2573333333 -0.6269600704 -0.6269603509
0.258 -0.7380525855 -0.7380528625
0.2586666667 -0.8559502673 -0.8559505406
0.2593333333 -0.9799767501 -0.9799770195
0.26 -1.109416143 -1.109416408
0.2606666667 -1.243516196 -1.243516457
0.2613333333 -1.381491632 -1.381491889
0.262 -1.522527627 -1.522527879
0.2626666667 -1.66578342 -1.665783667
0.2633333333 -1.810396048 -1.81039629
0.264 -1.955484183 -1.955484419
0.2646666667 -2.100152052 -2.100152283
0.2653333333 -2.243493431 -2.243493657
0.266 -2.384595691 -2.384595911
0.2666666667 -2.522543878 -2.522544091
0.2673333333 -2.656424816 -2.656425023
0.268 -2.785331208 -2.785331408
0.2686666667 -2.908365725 -2.908365918
0.2693333333 -3.024645058 -3.024645245
0.27 -3.133303926 -3.133304105
0.2706666667 -3.233499008 -3.23349918
0.2713333333 -3.324412807 -3.324412972
0.272 -3.4052574 -3.405257556
0.2726666667 -3.47527808 -3.475278228
0.2733333333 -3.533756876 -3.533757016
0.274 -3.580015914 -3.580016046
0.2746666667 -3.613420633 -3.613420756
0.2753333333 -3.633382823 -3.633382936
0.276 -3.639363483 -3.639363587
0.2766666667 -3.630875485 -3.63087558
0.2773333333 -3.607486029 -3.607486115
0.278 -3.568818886 -3.568818963
0.2786666667 -3.514556415 -3.514556481
0.2793333333 -3.444441347 -3.444441403
0.28 -3.358278332 -3.358278379
0.2806666667 -3.255935242 -3.255935278
0.2813333333 -3.137344218 -3.137344244
0.282 -3.00250247 -3.002502485
0.2826666667 -2.851472813 -2.851472818
0.2833333333 -2.684383955 -2.684383949
0.284 -2.501430511 -2.501430494
0.2846666667 -2.302872773 -2.302872745
0.2853333333 -2.089036213 -2.089036174
0.286 -1.860310733 -1.860310683
0.2866666667 -1.617149664 -1.617149603
0.2873333333 -1.360068519 -1.360068448
0.288 -1.089643503 -1.08964342
0.2886666667 -0.8065097841 -0.8065096905
0.2893333333 -0.5113595446 -0.51135944
0.29 -0.2049398042 -0.2049396888
0.2906666667 0.1119499631 0.1119500893
0.2913333333 0.4384604154 0.4384605525
0.292 0.7736951195 0.7736952672
0.2926666667 1.116713506 1.116713664
0.2933333333 1.466533994 1.466534163
0.294 1.82213727 1.822137449
0.2946666667 2.182469706 2.182469896
0.2953333333 2.546446915 2.546447114
0.296 2.912957409 2.912957617
0.2966666667 3.280866368 3.280866586
0.2973333333 3.649019493 3.649019721
0.298 4.016246926 4.016247162
0.2986666667 4.38136723 4.381367475
0.2993333333 4.743191409 4.743191663
0.3 5.10052696 5.100527222
0.3006666667 5.452181927 5.452182196
0.3013333333 5.796968955 5.796969232
0.302 6.133709332 6.133709616
0.3026666667 6.461236989 6.46123728
0.3033333333 6.778402455 6.778402753
0.304 7.084076753 7.084077057
0.3046666667 7.377155219 7.377155529
0.3053333333 7.656561231 7.656561546
0.306 7.921249837 7.921250156
0.3066666667 8.170211269 8.170211593
0.3073333333 8.402474334 8.402474662
0.308 8.617109662 8.617109994
0.3086666667 8.813232812 8.813233147
0.3093333333 8.990007213 8.990007551
0.31 9.146646948 9.146647288
0.3106666667 9.282419351 9.282419693
0.3113333333 9.396647431 9.396647774
0.312 9.488712094 9.488712438
0.3126666667 9.558054179 9.558054524
0.3133333333 9.604176285 9.60417663
0.314 9.626644389 9.626644733
0.3146666667 9.62508926 9.625089603
0.3153333333 9.59920765 9.599207992
0.316 9.548763274 9.548763615
0.3166666667 9.473587572 9.47358791
0.3173333333 9.373580244 9.373580579
0.318 9.248709578 9.24870991
0.3186666667 9.09901255 9.099012879
0.3193333333 8.924594716 8.924595041
0.32 8.725629878 8.725630199
0.3206666667 8.502359553 8.502359869
0.3213333333 8.255092226 8.255092537
0.322 7.984202401 7.984202706
0.3226666667 7.690129459 7.690129759
0.3233333333 7.373376321 7.373376614
0.324 7.034507922 7.034508209
0.3246666667 6.674149517 6.674149797
0.3253333333 6.292984805 6.292985077
0.326 5.891753894 5.891754159
0.3266666667 5.471251118 5.471251375
0.3273333333 5.032322694 5.032322943
0.328 4.575864256 4.575864496
0.3286666667 4.102818251 4.102818482
0.3293333333 3.614171227 3.61417145
0.33 3.110951008 3.110951222
0.3306666667 2.59422377 2.594223974
0.3313333333 2.065091035 2.06509123
0.332 1.524686587 1.524686772
0.3326666667 0.9741733218 0.9741734972
0.3333333333 0.4147400413 0.4147402068
0.334 -0.152401795 -0.1524016395
0.3346666667 -0.726021353 -0.7260212075
0.3353333333 -1.30487173 -1.304871595
0.336 -1.887693273 -1.887693147
0.3366666667 -2.473216899 -2.473216784
0.3373333333 -3.060167409 -3.060167304
0.338 -3.647266782 -3.647266688
0.3386666667 -4.233237444 -4.23323736
0.3393333333 -4.816805494 -4.81680542
0.34 -5.396703893 -5.396703829
0.3406666667 -5.971675589 -5.971675536
0.3413333333 -6.540476587 -6.540476544
0.342 -7.101878937 -7.101878904
0.3426666667 -7.654673652 -7.654673628
0.3433333333 -8.197673534 -8.19767352
0.344 -8.729715907 -8.729715902
0.3446666667 -9.249665252 -9.249665257
0.3453333333 -9.756415732 -9.756415747
0.346 -10.24889361 -10.24889363
0.3466666667 -10.72605954 -10.72605957
0.3473333333 -11.18691076 -11.1869108
0.348 -11.63048311 -11.63048316
0.3486666667 -12.05585299 -12.05585305
0.3493333333 -12.46213913 -12.4621392
0.35 -12.84850424 -12.84850432
0.3506666667 -13.21415653 -13.21415662
0.3513333333 -13.55835109 -13.55835118
0.352 -13.88039112 -13.88039121
0.3526666667 -14.179629 -14.1796291
0.3533333333 -14.45546729 -14.4554674
0.354 -14.7073595 -14.70735961
0.3546666667 -14.93481077 -14.93481089
0.3553333333 -15.13737839 -15.13737852
0.356 -15.31467221 -15.31467234
0.3566666667 -15.46635486 -15.46635499
0.3573333333 -15.59214186 -15.59214201
0.358 -15.69180167 -15.69180181
0.3586666667 -15.76515542 -15.76515557
0.3593333333 -15.81207676 -15.81207692
0.36 -15.83249137 -15.83249154
0.3606666667 -15.82637649 -15.82637666
0.3613333333 -15.79376026 -15.79376042
0.362 -15.73472096 -15.73472113
0.3626666667 -15.64938619 -15.64938636
0.3633333333 -15.5379319 -15.53793207
0.364 -15.4005813 -15.40058147
0.3646666667 -15.23760375 -15.23760393
0.3653333333 -15.04931352 -15.0493137
0.366 -14.83606844 -14.83606862
0.3666666667 -14.59826852 -14.5982687
0.3673333333 -14.33635448 -14.33635466
0.368 -14.05080622 -14.0508064
0.3686666667 -13.74214121 -13.74214139
0.3693333333 -13.41091284 -13.41091303
0.37 -13.05770875 -13.05770893
0.3706666667 -12.68314901 -12.68314919
0.3713333333 -12.2878844 -12.28788458
0.372 -11.8725946 -11.87259477
0.3726666667 -11.43798627 -11.43798644
0.3733333333 -10.98479126 -10.98479143
0.374 -10.51376468 -10.51376485
0.3746666667 -10.02568303 -10.0256832
0.3753333333 -9.521342279 -9.521342446
0.376 -9.00155596 -9.001556124
0.3766666667 -8.467153278 -8.467153439
0.3773333333 -7.918977208 -7.918977366
0.378 -7.357882618 -7.357882772
0.3786666667 -6.784734396 -6.784734546
0.3793333333 -6.200405611 -6.200405758
0.38 -5.605775691 -5.605775834
0.3806666667 -5.001728627 -5.001728765
0.3813333333 -4.389151218 -4.389151352
0.382 -3.768931342 -3.768931471
0.3826666667 -3.141956273 -3.141956398
0.3833333333 -2.509111035 -2.509111154
0.384 -1.871276801 -1.871276915
0.3846666667 -1.229329343 -1.229329452
0.3853333333 -0.5841375247 -0.584137628
0.386 0.06343814652 0.06343804877
0.3866666667 0.7125469207 0.7125468287
0.3873333333 1.362349147 1.362349061
0.388 2.01201756 2.01201748
0.3886666667 2.660738508 2.660738433
0.3893333333 3.307713117 3.307713049
0.39 3.952158406 3.952158344
0.3906666667 4.593308326 4.59330827
0.3913333333 5.230414747 5.230414698
0.392 5.862748382 5.86274834
0.3926666667 6.489599645 6.489599608
0.3933333333 7.110279444 7.110279415
0.394 7.724119924 7.724119901
0.3946666667 8.33047513 8.330475114
0.3953333333 8.928721623 8.928721614
0.396 9.518259025 9.518259022
0.3966666667 10.09851051 10.09851051
0.3973333333 10.66892323 10.66892324
0.398 11.22896867 11.22896869
0.3986666667 11.77814301 11.77814303
0.3993333333 12.31596729 12.31596732
0.4 12.84198771 12.84198775
0.4006666667 13.35577569 13.35577573
0.4013333333 13.856928 13.85692806
0.402 14.34506683 14.34506689
0.4026666667 14.81983969 14.81983976
0.4033333333 15.28091946 15.28091953
0.404 15.7280042 15.72800428
0.4046666667 16.16081706 16.16081715
0.4053333333 16.57910605 16.57910614
0.406 16.98264383 16.98264393
0.4066666667 17.37122743 17.37122753
0.4073333333 17.74467794 17.74467805
0.408 18.10284017 18.10284029
0.4086666667 18.44558229 18.44558242
0.4093333333 18.77279538 18.77279552
0.41 19.08439304 19.08439318
0.4106666667 19.38031088 19.38031102
0.4113333333 19.66050606 19.66050621
0.412 19.92495678 19.92495694
0.4126666667 20.17366173 20.17366189
0.4133333333 20.40663951 20.40663968
0.414 20.62392813 20.6239283
0.4146666667 20.82558432 20.8255845
0.4153333333 21.01168303 21.01168321
0.416 21.18231673 21.18231692
0.4166666667 21.33759483 21.33759502
0.4173333333 21.47764303 21.47764323
0.418 21.60260268 21.60260288
0.4186666667 21.71263011 21.71263032
0.4193333333 21.80789602 21.80789623
0.42 21.88858476 21.88858498
0.4206666667 21.95489375 21.95489397
0.4213333333 22.00703274 22.00703297
0.422 22.04522322 22.04522345
0.4226666667 22.06969772 22.06969795
0.4233333333 22.08069917 22.08069941
0.424 22.07848028 22.07848052
0.4246666667 22.06330287 22.06330311
0.4253333333 22.03543724 22.03543749
0.426 21.99516157 21.99516181
0.4266666667 21.94276125 21.9427615
0.4273333333 21.87852834 21.87852859
0.428 21.80276094 21.80276119
0.4286666667 21.71576259 21.71576285
0.4293333333 21.61784174 21.61784199
0.43 21.50931114 21.5093114
0.4306666667 21.39048735 21.3904876
0.4313333333 21.26169014 21.2616904
0.432 21.12324205 21.1232423
0.4326666667 20.97546781 20.97546807
0.4333333333 20.81869392 20.81869418
0.434 20.65324812 20.65324837
0.4346666667 20.47945895 20.47945921
0.4353333333 20.29765535 20.29765561
0.436 20.10816618 20.10816643
0.4366666667 19.91131981 19.91132006
0.4373333333 19.70744379 19.70744404
0.438 19.4968644 19.49686465
0.4386666667 19.27990634 19.27990659
0.4393333333 19.05689237 19.05689261
0.44 18.82814298 18.82814321
0.4406666667 18.59397607 18.5939763
0.4413333333 18.3547067 18.35470693
0.442 18.11064675 18.11064698
0.4426666667 17.86210472 17.86210494
0.4433333333 17.60938542 17.60938564
0.444 17.35278982 17.35279003
0.4446666667 17.09261474 17.09261495
0.4453333333 16.82915273 16.82915293
0.446 16.56269185 16.56269205
0.4466666667 16.29351551 16.2935157
0.4473333333 16.02190229 16.02190247
0.448 15.74812582 15.748126
0.4486666667 15.47245467 15.47245484
0.4493333333 15.19515219 15.19515236
0.45 14.91647644 14.9164766
0.4506666667 14.63668009 14.63668024
0.4513333333 14.35601034 14.35601048
0.452 14.07470885 14.07470898
0.4526666667 13.7930117 13.79301183
0.4533333333 13.51114934 13.51114946
0.454 13.22934656 13.22934667
0.4546666667 12.94782245 12.94782255
0.4553333333 12.6667904 12.66679049
0.456 12.38645811 12.38645819
0.4566666667 12.10702756 12.10702763
0.4573333333 11.82869506 11.82869512
0.458 11.55165125 11.55165131
0.4586666667 11.27608114 11.27608119
0.4593333333 11.00216414 11.00216417
0.46 10.7300741 10.73007413
0.4606666667 10.45997938 10.4599794
0.4613333333 10.19204288 10.19204289
0.462 9.926422132 9.926422129
0.4626666667 9.663269335 9.663269321
0.4633333333 9.402731452 9.402731428
0.464 9.144950282 9.144950247
0.4646666667 8.890062534 8.890062489
0.4653333333 8.638199924 8.638199869
0.466 8.389489256 8.38948919
0.4666666667 8.144052518 8.144052442
0.4673333333 7.902006978 7.902006891
0.468 7.663465281 7.663465183
0.4686666667 7.428535552 7.428535443
0.4693333333 7.197321496 7.197321376
0.47 6.969922503 6.969922374
0.4706666667 6.746433759 6.746433618
0.4713333333 6.526946344 6.526946193
0.472 6.31154735 6.311547189
0.4726666667 6.100319983 6.100319811
0.4733333333 5.893343675 5.893343493
0.474 5.690694194 5.690694002
0.4746666667 5.492443753 5.49244355
0.4753333333 5.298661118 5.298660905
0.476 5.10941172 5.109411497
0.4766666667 4.92475776 4.924757527
0.4773333333 4.744758318 4.744758076
0.478 4.569469458 4.569469207
0.4786666667 4.398944337 4.398944076
0.4793333333 4.233233303 4.233233033
0.48 4.072383999 4.072383721
0.4806666667 3.916441468 3.916441181
0.4813333333 3.765448245 3.765447949
0.482 3.619444456 3.619444152
0.4826666667 3.478467915 3.478467602
0.4833333333 3.342554212 3.342553891
0.484 3.211736804 3.211736476
0.4846666667 3.086047105 3.086046769
0.4853333333 2.965514566 2.965514222
0.486 2.85016676 2.85016641
0.4866666667 2.74002946 2.740029104
0.4873333333 2.635126717 2.635126354
0.488 2.535480928 2.535480558
0.4886666667 2.441112911 2.441112536
0.4893333333 2.35204197 2.35204159
0.49 2.26828596 2.268285575
0.4906666667 2.189861344 2.189860954
0.4913333333 2.116783254 2.116782859
0.492 2.04906554 2.049065141
0.4926666667 1.986720825 1.986720422
0.4933333333 1.929760548 1.929760141
0.494 1.878195009 1.878194598
0.4946666667 1.832033406 1.832032992
0.4953333333 1.791283873 1.791283457
0.496 1.755953512 1.755953094
0.4966666667 1.72604842 1.726048
0.4973333333 1.701573713 1.701573292
0.498 1.682533551 1.682533128
0.4986666667 1.668931148 1.668930725
0.4993333333 1.660768795 1.66076837
0.5 1.658047858 1.658047434
0.5006666667 1.660768795 1.66076837
0.5013333333 1.668931148 1.668930725
0.502 1.682533551 1.682533128
0.5026666667 1.701573713 1.701573292
0.5033333333 1.72604842 1.726048
0.504 1.755953512 1.755953094
0.5046666667 1.791283873 1.791283457
0.5053333333 1.832033406 1.832032992
0.506 1.878195009 1.878194598
0.5066666667 1.929760548 1.929760141
0.5073333333 1.986720825 1.986720422
0.508 2.04906554 2.049065141
0.5086666667 2.116783254 2.116782859
0.5093333333 2.189861344 2.189860954
0.51 2.26828596 2.268285575
0.5106666667 2.35204197 2.35204159
0.5113333333 2.441112911 2.441112536
0.512 2.535480928 2.535480558
0.5126666667 2.635126717 2.635126354
0.5133333333 2.74002946 2.740029104
0.514 2.85016676 2.85016641
0.5146666667 2.965514566 2.965514222
0.5153333333 3.086047105 3.086046769
0.516 3.211736804 3.211736476
0.5166666667 3.342554212 3.342553891
0.5173333333 3.478467915 3.478467602
0.518 3.619444456 3.619444152
0.5186666667 3.765448245 3.765447949
0.5193333333 3.916441468 3.916441181
0.52 4.072383999 4.072383721
0.5206666667 4.233233303 4.233233033
0.5213333333 4.398944337 4.398944076
0.522 4.569469458 4.569469207
0.5226666667 4.744758318 4.744758076
0.5233333333 4.92475776 4.924757527
0.524 5.10941172 5.109411497
0.5246666667 5.298661118 5.298660905
0.5253333333 5.492443753 5.49244355
0.526 5.690694194 5.690694002
0.5266666667 5.893343675 5.893343493
0.5273333333 6.100319983 6.100319811
0.528 6.31154735 6.311547189
0.5286666667 6.526946344 6.526946193
0.5293333333 6.746433759 6.746433618
0.53 6.969922503 6.969922374
0.5306666667 7.197321496 7.197321376
0.5313333333 7.428535552 7.428535443
0.532 7.663465281 7.663465183
0.5326666667 7.902006978 7.902006891
0.5333333333 8.144052518 8.144052442
0.534 8.389489256 8.38948919
0.5346666667 8.638199924 8.638199869
0.5353333333 8.890062534 8.890062489
0.536 9.144950282 9.144950247
0.5366666667 9.402731452 9.402731428
0.5373333333 9.663269335 9.663269321
0.538 9.926422132 9.926422129
0.5386666667 10.19204288 10.19204289
0.5393333333 10.45997938 10.4599794
0.54 10.7300741 10.73007413
0.5406666667 11.00216414 11.00216417
0.5413333333 11.27608114 11.27608119
0.542 11.55165125 11.55165131
0.5426666667 11.82869506 11.82869512
0.5433333333 12.10702756 12.10702763
0.544 12.38645811 12.38645819
0.5446666667 12.6667904 12.66679049
0.5453333333 12.94782245 12.94782255
0.546 13.22934656 13.22934667
0.5466666667 13.51114934 13.51114946
0.5473333333 13.7930117 13.79301183
0.548 14.07470885 14.07470898
0.5486666667 14.35601034 14.35601048
0.5493333333 14.63668009 14.63668024
0.55 14.91647644 14.9164766
0.5506666667 15.19515219 15.19515236
0.5513333333 15.47245467 15.47245484
0.552 15.74812582 15.748126
0.5526666667 16.02190229 16.02190247
0.5533333333 16.29351551 16.2935157
0.554 16.56269185 16.56269205
0.5546666667 16.82915273 16.82915293
0.5553333333 17.09261474 17.09261495
0.556 17.35278982 17.35279003
0.5566666667 17.60938542 17.60938564
0.5573333333 17.86210472 17.86210494
0.558 18.11064675 18.11064698
0.5586666667 18.3547067 18.35470693
0.5593333333 18.59397607 18.5939763
0.56 18.82814298 18.82814321
0.5606666667 19.05689237 19.05689261
0.5613333333 19.27990634 19.27990659
0.562 19.4968644 19.49686465
0.5626666667 19.70744379 19.70744404
0.5633333333 19.91131981 19.91132006
0.564 20.10816618 20.10816643
0.5646666667 20.29765535 20.29765561
0.5653333333 20.47945895 20.47945921
0.566 20.65324812 20.65324837
0.5666666667 20.81869392 20.81869418
0.5673333333 20.97546781 20.97546807
0.568 21.12324205 21.1232423
0.5686666667 21.26169014 21.2616904
0.5693333333 21.39048735 21.3904876
0.57 21.50931114 21.5093114
0.5706666667 21.61784174 21.61784199
0.5713333333 21.71576259 21.71576285
0.572 21.80276094 21.80276119
0.5726666667 21.87852834 21.87852859
0.5733333333 21.94276125 21.9427615
0.574 21.99516157 21.99516181
0.5746666667 22.03543724 22.03543749
0.5753333333 22.06330287 22.06330311
0.576 22.07848028 22.07848052
0.5766666667 22.08069917 22.08069941
0.5773333333 22.06969772 22.06969795
0.578 22.04522322 22.04522345
0.5786666667 22.00703274 22.00703297
0.5793333333 21.95489375 21.95489397
0.58 21.88858476 21.88858498
0.5806666667 21.80789602 21.80789623
0.5813333333 21.71263011 21.71263032
0.582 21.60260268 21.60260288
0.5826666667 21.47764303 21.47764323
0.5833333333 21.33759483 21.33759502
0.584 21.18231673 21.18231692
0.5846666667 21.01168303 21.01168321
0.5853333333 20.82558432 20.8255845
0.586 20.62392813 20.6239283
0.5866666667 20.40663951 20.40663968
0.5873333333 20.17366173 20.17366189
0.588 19.92495678 19.92495694
0.5886666667 19.66050606 19.66050621
0.5893333333 19.38031088 19.38031102
0.59 19.08439304 19.08439318
0.5906666667 18.77279538 18.77279552
0.5913333333 18.44558229 18.44558242
0.592 18.10284017 18.10284029
0.5926666667 17.74467794 17.74467805
0.5933333333 17.37122743 17.37122753
0.594 16.98264383 16.98264393
0.5946666667 16.57910605 16.57910614
0.5953333333 16.16081706 16.16081715
0.596 15.7280042 15.72800428
0.5966666667 15.28091946 15.28091953
0.5973333333 14.81983969 14.81983976
0.598 14.34506683 14.34506689
0.5986666667 13.856928 13.85692806
0.5993333333 13.35577569 13.35577573
0.6 12.84198771 12.84198775
0.6006666667 12.31596729 12.31596732
0.6013333333 11.77814301 11.77814303
0.602 11.22896867 11.22896869
0.6026666667 10.66892323 10.66892324
0.6033333333 10.09851051 10.09851051
0.604 9.518259025 9.518259022
0.6046666667 8.928721623 8.928721614
0.6053333333 8.33047513 8.330475114
0.606 7.724119924 7.724119901
0.6066666667 7.110279444 7.110279415
0.6073333333 6.489599645 6.489599608
0.608 5.862748382 5.86274834
0.6086666667 5.230414747 5.230414698
0.6093333333 4.593308326 4.59330827
0.61 3.952158406 3.952158344
0.6106666667 3.307713117 3.307713049
0.6113333333 2.660738508 2.660738433
0.612 2.01201756 2.01201748
0.6126666667 1.362349147 1.362349061
0.6133333333 0.7125469207 0.7125468287
0.614 0.06343814652 0.06343804877
0.6146666667 -0.5841375247 -0.584137628
0.6153333333 -1.229329343 -1.229329452
0.616 -1.871276801 -1.871276915
0.6166666667 -2.509111035 -2.509111154
0.6173333333 -3.141956273 -3.141956398
0.618 -3.768931342 -3.768931471
0.6186666667 -4.389151218 -4.389151352
0.6193333333 -5.001728627 -5.001728765
0.62 -5.605775691 -5.605775834
0.6206666667 -6.200405611 -6.200405758
0.6213333333 -6.784734396 -6.784734546
0.622 -7.357882618 -7.357882772
0.6226666667 -7.918977208 -7.918977366
0.6233333333 -8.467153278 -8.467153439
0.624 -9.00155596 -9.001556124
0.6246666667 -9.521342279 -9.521342446
0.6253333333 -10.02568303 -10.0256832
0.626 -10.51376468 -10.51376485
0.6266666667 -10.98479126 -10.98479143
0.6273333333 -11.43798627 -11.43798644
0.628 -11.8725946 -11.87259477
0.6286666667 -12.2878844 -12.28788458
0.6293333333 -12.68314901 -12.68314919
0.63 -13.05770875 -13.05770893
0.6306666667 -13.41091284 -13.41091303
0.6313333333 -13.74214121 -13.74214139
0.632 -14.05080622 -14.0508064
0.6326666667 -14.33635448 -14.33635466
0.6333333333 -14.59826852 -14.5982687
0.634 -14.83606844 -14.83606862
0.6346666667 -15.04931352 -15.0493137
0.6353333333 -15.23760375 -15.23760393
0.636 -15.4005813 -15.40058147
0.6366666667 -15.5379319 -15.53793207
0.6373333333 -15.64938619 -15.64938636
0.638 -15.73472096 -15.73472113
0.6386666667 -15.79376026 -15.79376042
0.6393333333 -15.82637649 -15.82637666
0.64 -15.83249137 -15.83249154
0.6406666667 -15.81207676 -15.81207692
0.6413333333 -15.76515542 -15.76515557
0.642 -15.69180167 -15.69180181
0.6426666667 -15.59214186 -15.59214201
0.6433333333 -15.46635486 -15.46635499
0.644 -15.31467221 -15.31467234
0.6446666667 -15.13737839 -15.13737852
0.6453333333 -14.93481077 -14.93481089
0.646 -14.7073595 -14.70735961
0.6466666667 -14.45546729 -14.4554674
0.6473333333 -14.179629 -14.1796291
0.648 -13.88039112 -13.88039121
0.6486666667 -13.55835109 -13.55835118
0.6493333333 -13.21415653 -13.21415662
0.65 -12.84850424 -12.84850432
0.6506666667 -12.46213913 -12.4621392
0.6513333333 -12.05585299 -12.05585305
0.652 -11.63048311 -11.63048316
0.6526666667 -11.18691076 -11.1869108
0.6533333333 -10.72605954 -10.72605957
0.654 -10.24889361 -10.24889363
0.6546666667 -9.756415732 -9.756415747
0.6553333333 -9.249665252 -9.249665257
0.656 -8.729715907 -8.729715902
0.6566666667 -8.197673534 -8.19767352
0.6573333333 -7.654673652 -7.654673628
0.658 -7.101878937 -7.101878904
0.6586666667 -6.540476587 -6.540476544
0.6593333333 -5.971675589 -5.971675536
0.66 -5.396703893 -5.396703829
0.6606666667 -4.816805494 -4.81680542
0.6613333333 -4.233237444 -4.23323736
0.662 -3.647266782 -3.647266688
0.6626666667 -3.060167409 -3.060167304
0.6633333333 -2.473216899 -2.473216784
0.664 -1.887693273 -1.887693147
0.6646666667 -1.30487173 -1.304871595
0.6653333333 -0.726021353 -0.7260212075
0.666 -0.152401795 -0.1524016395
0.6666666667 0.4147400413 0.4147402068
0.6673333333 0.9741733218 0.9741734972
0.668 1.524686587 1.524686772
0.6686666667 2.065091035 2.06509123
0.6693333333 2.59422377 2.594223974
0.67 3.110951008 3.110951222
0.6706666667 3.614171227 3.61417145
0.6713333333 4.102818251 4.102818482
0.672 4.575864256 4.575864496
0.6726666667 5.032322694 5.032322943
0.6733333333 5.471251118 5.471251375
0.674 5.891753894 5.891754159
0.6746666667 6.292984805 6.292985077
0.6753333333 6.674149517 6.674149797
0.676 7.034507922 7.034508209
0.6766666667 7.373376321 7.373376614
0.6773333333 7.690129459 7.690129759
0.678 7.984202401 7.984202706
0.6786666667 8.255092226 8.255092537
0.6793333333 8.502359553 8.502359869
0.68 8.725629878 8.725630199
0.6806666667 8.924594716 8.924595041
0.6813333333 9.09901255 9.099012879
0.682 9.248709578 9.24870991
0.6826666667 9.373580244 9.373580579
0.6833333333 9.473587572 9.47358791
0.684 9.548763274 9.548763615
0.6846666667 9.59920765 9.599207992
0.6853333333 9.62508926 9.625089603
0.686 9.626644389 9.626644733
0.6866666667 9.604176285 9.60417663
0.6873333333 9.558054179 9.558054524
0.688 9.488712094 9.488712438
0.6886666667 9.396647431 9.396647774
0.6893333333 9.282419351 9.282419693
0.69 9.146646948 9.146647288
0.6906666667 8.990007213 8.990007551
0.6913333333 8.813232812 8.813233147
0.692 8.617109662 8.617109994
0.6926666667 8.402474334 8.402474662
0.6933333333 8.170211269 8.170211593
0.694 7.921249837 7.921250156
0.6946666667 7.656561231 7.656561546
0.6953333333 7.377155219 7.377155529
0.696 7.084076753 7.084077057
0.6966666667 6.778402455 6.778402753
0.6973333333 6.461236989 6.46123728
0.698 6.133709332 6.133709616
0.6986666667 5.796968955 5.796969232
0.6993333333 5.452181927 5.452182196
0.7 5.10052696 5.100527222
0.7006666667 4.743191409 4.743191663
0.7013333333 4.38136723 4.381367475
0.702 4.016246926 4.016247162
0.7026666667 3.649019493 3.649019721
0.7033333333 3.280866368 3.280866586
0.704 2.912957409 2.912957617
0.7046666667 2.546446915 2.546447114
0.7053333333 2.182469706 2.182469896
0.706 1.82213727 1.822137449
0.7066666667 1.466533994 1.466534163
0.7073333333 1.116713506 1.116713664
0.708 0.7736951195 0.7736952672
0.7086666667 0.4384604154 0.4384605525
0.7093333333 0.1119499631 0.1119500893
0.71 -0.2049398042 -0.2049396888
0.7106666667 -0.5113595446 -0.51135944
0.7113333333 -0.8065097841 -0.8065096905
0.712 -1.089643503 -1.08964342
0.7126666667 -1.360068519 -1.360068448
0.7133333333 -1.617149664 -1.617149603
0.714 -1.860310733 -1.860310683
0.7146666667 -2.089036213 -2.089036174
0.7153333333 -2.302872773 -2.302872745
0.716 -2.501430511 -2.501430494
0.7166666667 -2.684383955 -2.684383949
0.7173333333 -2.851472813 -2.851472818
0.718 -3.00250247 -3.002502485
0.7186666667 -3.137344218 -3.137344244
0.7193333333 -3.255935242 -3.255935278
0.72 -3.358278332 -3.358278379
0.7206666667 -3.444441347 -3.444441403
0.7213333333 -3.514556415 -3.514556481
0.722 -3.568818886 -3.568818963
0.7226666667 -3.607486029 -3.607486115
0.7233333333 -3.630875485 -3.63087558
0.724 -3.639363483 -3.639363587
0.7246666667 -3.633382823 -3.633382936
0.7253333333 -3.613420633 -3.613420756
0.726 -3.580015914 -3.580016046
0.7266666667 -3.533756876 -3.533757016
0.7273333333 -3.47527808 -3.475278228
0.728 -3.4052574 -3.405257556
0.7286666667 -3.324412807 -3.324412972
0.7293333333 -3.233499008 -3.23349918
0.73 -3.133303926 -3.133304105
0.7306666667 -3.024645058 -3.024645245
0.7313333333 -2.908365725 -2.908365918
0.732 -2.785331208 -2.785331408
0.7326666667 -2.656424816 -2.656425023
0.7333333333 -2.522543878 -2.522544091
0.734 -2.384595691 -2.384595911
0.7346666667 -2.243493431 -2.243493657
0.7353333333 -2.100152052 -2.100152283
0.736 -1.955484183 -1.955484419
0.7366666667 -1.810396048 -1.81039629
0.7373333333 -1.66578342 -1.665783667
0.738 -1.522527627 -1.522527879
0.7386666667 -1.381491632 -1.381491889
0.7393333333 -1.243516196 -1.243516457
0.74 -1.109416143 -1.109416408
0.7406666667 -0.9799767501 -0.9799770195
0.7413333333 -0.8559502673 -0.8559505406
0.742 -0.7380525855 -0.7380528625
0.7426666667 -0.6269600704 -0.6269603509
0.7433333333 -0.5233065723 -0.5233068561
0.744 -0.4276806254 -0.4276809123
0.7446666667 -0.3406228485 -0.3406231384
0.7453333333 -0.2626235588 -0.2626238514
0.746 -0.194120608 -0.1941209031
0.7466666667 -0.1354974513 -0.1354977488
0.7473333333 -0.08708145606 -0.08708175571
0.748 -0.04914245877 -0.04914276042
0.7486666667 -0.02189157548 -0.02189187893
0.7493333333 -0.005480271414 -0.005480576482
0.75 3.064962372e-07 -1.054518597e-29
0.7506666667 -0.005480268748 -0.005480576482
0.7513333333 -0.02189157015 -0.02189187893
0.752 -0.04914245078 -0.04914276042
0.7526666667 -0.08708144543 -0.08708175571
0.7533333333 -0.135497438 -0.1354977488
0.754 -0.1941205921 -0.1941209031
0.7546666667 -0.2626235403 -0.2626238514
0.7553333333 -0.3406228275 -0.3406231384
0.756 -0.4276806018 -0.4276809123
0.7566666667 -0.5233065462 -0.5233068561
0.7573333333 -0.6269600418 -0.6269603509
0.758 -0.7380525544 -0.7380528625
0.7586666667 -0.8559502338 -0.8559505406
0.7593333333 -0.9799767142 -0.9799770195
0.76 -1.109416104 -1.109416408
0.7606666667 -1.243516155 -1.243516457
0.7613333333 -1.38149159 -1.381491889
0.762 -1.522527582 -1.522527879
0.7626666667 -1.665783373 -1.665783667
0.7633333333 -1.810395999 -1.81039629
0.764 -1.955484132 -1.955484419
0.7646666667 -2.100151999 -2.100152283
0.7653333333 -2.243493376 -2.243493657
0.766 -2.384595634 -2.384595911
0.7666666667 -2.522543819 -2.522544091
0.7673333333 -2.656424755 -2.656425023
0.768 -2.785331146 -2.785331408
0.7686666667 -2.908365661 -2.908365918
0.7693333333 -3.024644994 -3.024645245
0.77 -3.13330386 -3.133304105
0.7706666667 -3.233498941 -3.23349918
0.7713333333 -3.324412739 -3.324412972
0.772 -3.40525733 -3.405257556
0.7726666667 -3.47527801 -3.475278228
0.7733333333 -3.533756805 -3.533757016
0.774 -3.580015843 -3.580016046
0.7746666667 -3.613420561 -3.613420756
0.7753333333 -3.63338275 -3.633382936
0.776 -3.639363409 -3.639363587
0.7766666667 -3.630875411 -3.63087558
0.7773333333 -3.607485955 -3.607486115
0.778 -3.568818812 -3.568818963
0.7786666667 -3.514556341 -3.514556481
0.7793333333 -3.444441273 -3.444441403
0.78 -3.358278259 -3.358278379
0.7806666667 -3.255935169 -3.255935278
0.7813333333 -3.137344146 -3.137344244
0.782 -3.002502398 -3.002502485
0.7826666667 -2.851472742 -2.851472818
0.7833333333 -2.684383885 -2.684383949
0.784 -2.501430442 -2.501430494
0.7846666667 -2.302872705 -2.302872745
0.7853333333 -2.089036146 -2.089036174
0.786 -1.860310668 -1.860310683
0.7866666667 -1.6171496 -1.617149603
0.7873333333 -1.360068457 -1.360068448
0.788 -1.089643443 -1.08964342
0.7886666667 -0.8065097259 -0.8065096905
0.7893333333 -0.5113594884 -0.51135944
0.79 -0.2049397502 -0.2049396888
0.7906666667 0.1119500148 0.1119500893
0.7913333333 0.4384604648 0.4384605525
0.792 0.7736951663 0.7736952672
0.7926666667 1.11671355 1.116713664
0.7933333333 1.466534036 1.466534163
0.794 1.822137309 1.822137449
0.7946666667 2.182469742 2.182469896
0.7953333333 2.546446947 2.546447114
0.796 2.912957438 2.912957617
0.7966666667 3.280866394 3.280866586
0.7973333333 3.649019516 3.649019721
0.798 4.016246945 4.016247162
0.7986666667 4.381367245 4.381367475
0.7993333333 4.743191421 4.743191663
0.8 5.100526969 5.100527222
0.8006666667 5.452181931 5.452182196
0.8013333333 5.796968956 5.796969232
0.802 6.133709329 6.133709616
0.8026666667 6.461236982 6.46123728
0.8033333333 6.778402444 6.778402753
0.804 7.084076738 7.084077057
0.8046666667 7.3771552 7.377155529
0.8053333333 7.656561208 7.656561546
0.806 7.921249809 7.921250156
0.8066666667 8.170211237 8.170211593
0.8073333333 8.402474299 8.402474662
0.808 8.617109623 8.617109994
0.8086666667 8.813232768 8.813233147
0.8093333333 8.990007165 8.990007551
0.81 9.146646896 9.146647288
0.8106666667 9.282419295 9.282419693
0.8113333333 9.39664737 9.396647774
0.812 9.488712029 9.488712438
0.8126666667 9.558054111 9.558054524
0.8133333333 9.604176212 9.60417663
0.814 9.626644313 9.626644733
0.8146666667 9.62508918 9.625089603
0.8153333333 9.599207566 9.599207992
0.816 9.548763187 9.548763615
0.8166666667 9.473587481 9.47358791
0.8173333333 9.373580149 9.373580579
0.818 9.24870948 9.24870991
0.8186666667 9.09901245 9.099012879
0.8193333333 8.924594612 8.924595041
0.82 8.725629771 8.725630199
0.8206666667 8.502359443 8.502359869
0.8213333333 8.255092113 8.255092537
0.822 7.984202286 7.984202706
0.8226666667 7.690129342 7.690129759
0.8233333333 7.373376201 7.373376614
0.824 7.034507801 7.034508209
0.8246666667 6.674149394 6.674149797
0.8253333333 6.292984679 6.292985077
0.826 5.891753768 5.891754159
0.8266666667 5.47125099 5.471251375
0.8273333333 5.032322565 5.032322943
0.828 4.575864125 4.575864496
0.8286666667 4.10281812 4.102818482
0.8293333333 3.614171096 3.61417145
0.83 3.110950876 3.110951222
0.8306666667 2.594223638 2.594223974
0.8313333333 2.065090903 2.06509123
0.832 1.524686455 1.524686772
0.8326666667 0.9741731907 0.9741734972
0.8333333333 0.4147399109 0.4147402068
0.834 -0.1524019244 -0.1524016395
0.8346666667 -0.7260214811 -0.7260212075
0.8353333333 -1.304871857 -1.304871595
0.836 -1.887693398 -1.887693147
0.8366666667 -2.473217022 -2.473216784
0.8373333333 -3.06016753 -3.060167304
0.838 -3.647266901 -3.647266688
0.8386666667 -4.23323756 -4.23323736
0.8393333333 -4.816805607 -4.81680542
0.84 -5.396704003 -5.396703829
0.8406666667 -5.971675696 -5.971675536
0.8413333333 -6.54047669 -6.540476544
0.842 -7.101879037 -7.101878904
0.8426666667 -7.654673747 -7.654673628
0.8433333333 -8.197673625 -8.19767352
0.844 -8.729715994 -8.729715902
0.8446666667 -9.249665334 -9.249665257
0.8453333333 -9.75641581 -9.756415747
0.846 -10.24889368 -10.24889363
0.8466666667 -10.72605961 -10.72605957
0.8473333333 -11.18691082 -11.1869108
0.848 -11.63048316 -11.63048316
0.8486666667 -12.05585304 -12.05585305
0.8493333333 -12.46213918 -12.4621392
0.85 -12.84850428 -12.84850432
0.8506666667 -13.21415657 -13.21415662
0.8513333333 -13.55835112 -13.55835118
0.852 -13.88039114 -13.88039121
0.8526666667 -14.17962901 -14.1796291
0.8533333333 -14.45546729 -14.4554674
0.854 -14.7073595 -14.70735961
0.8546666667 -14.93481076 -14.93481089
0.8553333333 -15.13737838 -15.13737852
0.856 -15.31467219 -15.31467234
0.8566666667 -15.46635483 -15.46635499
0.8573333333 -15.59214183 -15.59214201
0.858 -15.69180162 -15.69180181
0.8586666667 -15.76515537 -15.76515557
0.8593333333 -15.8120767 -15.81207692
0.86 -15.83249131 -15.83249154
0.8606666667 -15.82637642 -15.82637666
0.8613333333 -15.79376018 -15.79376042
0.862 -15.73472087 -15.73472113
0.8626666667 -15.6493861 -15.64938636
0.8633333333 -15.53793179 -15.53793207
0.864 -15.40058119 -15.40058147
0.8646666667 -15.23760364 -15.23760393
0.8653333333 -15.0493134 -15.0493137
0.866 -14.83606831 -14.83606862
0.8666666667 -14.59826838 -14.5982687
0.8673333333 -14.33635433 -14.33635466
0.868 -14.05080607 -14.0508064
0.8686666667 -13.74214105 -13.74214139
0.8693333333 -13.41091268 -13.41091303
0.87 -13.05770858 -13.05770893
0.8706666667 -12.68314883 -12.68314919
0.8713333333 -12.28788422 -12.28788458
0.872 -11.87259441 -11.87259477
0.8726666667 -11.43798607 -11.43798644
0.8733333333 -10.98479106 -10.98479143
0.874 -10.51376447 -10.51376485
0.8746666667 -10.02568282 -10.0256832
0.8753333333 -9.521342063 -9.521342446
0.876 -9.001555739 -9.001556124
0.8766666667 -8.467153053 -8.467153439
0.8773333333 -7.918976979 -7.918977366
0.878 -7.357882384 -7.357882772
0.8786666667 -6.784734158 -6.784734546
0.8793333333 -6.20040537 -6.200405758
0.88 -5.605775446 -5.605775834
0.8806666667 -5.001728379 -5.001728765
0.8813333333 -4.389150967 -4.389151352
0.882 -3.768931089 -3.768931471
0.8826666667 -3.141956017 -3.141956398
0.8833333333 -2.509110777 -2.509111154
0.884 -1.871276541 -1.871276915
0.8846666667 -1.229329081 -1.229329452
0.8853333333 -0.5841372619 -0.584137628
0.886 0.06343841037 0.06343804877
0.8866666667 0.7125471853 0.7125468287
0.8873333333 1.362349412 1.362349061
0.888 2.012017825 2.01201748
0.8886666667 2.660738773 2.660738433
0.8893333333 3.307713382 3.307713049
0.89 3.95215867 3.952158344
0.8906666667 4.593308589 4.59330827
0.8913333333 5.230415009 5.230414698
0.892 5.862748643 5.86274834
0.8926666667 6.489599903 6.489599608
0.8933333333 7.1102797 7.110279415
0.894 7.724120178 7.724119901
0.8946666667 8.330475381 8.330475114
0.8953333333 8.928721871 8.928721614
0.896 9.51825927 9.518259022
0.8966666667 10.09851075 10.09851051
0.8973333333 10.66892346 10.66892324
0.898 11.22896891 11.22896869
0.8986666667 11.77814324 11.77814303
0.8993333333 12.31596752 12.31596732
0.9 12.84198793 12.84198775
0.9006666667 13.3557759 13.35577573
0.9013333333 13.85692821 13.85692806
0.902 14.34506703 14.34506689
0.9026666667 14.81983989 14.81983976
0.9033333333 15.28091965 15.28091953
0.904 15.72800439 15.72800428
0.9046666667 16.16081724 16.16081715
0.9053333333 16.57910622 16.57910614
0.906 16.98264399 16.98264393
0.9066666667 17.37122759 17.37122753
0.9073333333 17.74467809 17.74467805
0.908 18.10284032 18.10284029
0.9086666667 18.44558243 18.44558242
0.9093333333 18.77279551 18.77279552
0.91 19.08439316 19.08439318
0.9106666667 19.38031099 19.38031102
0.9113333333 19.66050617 19.66050621
0.912 19.92495688 19.92495694
0.9126666667 20.17366182 20.17366189
0.9133333333 20.4066396 20.40663968
0.914 20.6239282 20.6239283
0.9146666667 20.82558439 20.8255845
0.9153333333 21.01168308 21.01168321
0.916 21.18231678 21.18231692
0.9166666667 21.33759487 21.33759502
0.9173333333 21.47764306 21.47764323
0.918 21.6026027 21.60260288
0.9186666667 21.71263012 21.71263032
0.9193333333 21.80789602 21.80789623
0.92 21.88858476 21.88858498
0.9206666667 21.95489374 21.95489397
0.9213333333 22.00703272 22.00703297
0.922 22.04522319 22.04522345
0.9226666667 22.06969767 22.06969795
0.9233333333 22.08069912 22.08069941
0.924 22.07848022 22.07848052
0.9246666667 22.0633028 22.06330311
0.9253333333 22.03543717 22.03543749
0.926 21.99516148 21.99516181
0.9266666667 21.94276115 21.9427615
0.9273333333 21.87852824 21.87852859
0.928 21.80276083 21.80276119
0.9286666667 21.71576247 21.71576285
0.9293333333 21.61784161 21.61784199
0.93 21.509311 21.5093114
0.9306666667 21.3904872 21.3904876
0.9313333333 21.26168999 21.2616904
0.932 21.12324188 21.1232423
0.9326666667 20.97546764 20.97546807
0.9333333333 20.81869374 20.81869418
0.934 20.65324793 20.65324837
0.9346666667 20.47945876 20.47945921
0.9353333333 20.29765515 20.29765561
0.936 20.10816597 20.10816643
0.9366666667 19.91131959 19.91132006
0.9373333333 19.70744356 19.70744404
0.938 19.49686417 19.49686465
0.9386666667 19.2799061 19.27990659
0.9393333333 19.05689212 19.05689261
0.94 18.82814272 18.82814321
0.9406666667 18.59397581 18.5939763
0.9413333333 18.35470643 18.35470693
0.942 18.11064648 18.11064698
0.9426666667 17.86210443 17.86210494
0.9433333333 17.60938514 17.60938564
0.944 17.35278952 17.35279003
0.9446666667 17.09261444 17.09261495
0.9453333333 16.82915243 16.82915293
0.946 16.56269154 16.56269205
0.9466666667 16.29351519 16.2935157
0.9473333333 16.02190196 16.02190247
0.948 15.74812549 15.748126
0.9486666667 15.47245434 15.47245484
0.9493333333 15.19515185 15.19515236
0.95 14.9164761 14.9164766
0.9506666667 14.63667974 14.63668024
0.9513333333 14.35600998 14.35601048
0.952 14.07470849 14.07470898
0.9526666667 13.79301134 13.79301183
0.9533333333 13.51114898 13.51114946
0.954 13.22934619 13.22934667
0.9546666667 12.94782207 12.94782255
0.9553333333 12.66679002 12.66679049
0.956 12.38645772 12.38645819
0.9566666667 12.10702717 12.10702763
0.9573333333 11.82869467 11.82869512
0.958 11.55165085 11.55165131
0.9586666667 11.27608074 11.27608119
0.9593333333 11.00216373 11.00216417
0.96 10.73007369 10.73007413
0.9606666667 10.45997897 10.4599794
0.9613333333 10.19204247 10.19204289
0.962 9.926421717 9.926422129
0.9626666667 9.663268917 9.663269321
0.9633333333 9.402731032 9.402731428
0.964 9.144949859 9.144950247
0.9646666667 8.890062109 8.890062489
0.9653333333 8.638199497 8.638199869
0.966 8.389488826 8.38948919
0.9666666667 8.144052086 8.144052442
0.9673333333 7.902006544 7.902006891
0.968 7.663464845 7.663465183
0.9686666667 7.428535114 7.428535443
0.9693333333 7.197321056 7.197321376
0.97 6.969922062 6.969922374
0.9706666667 6.746433315 6.746433618
0.9713333333 6.526945899 6.526946193
0.972 6.311546903 6.311547189
0.9726666667 6.100319535 6.100319811
0.9733333333 5.893343225 5.893343493
0.974 5.690693743 5.690694002
0.9746666667 5.492443301 5.49244355
0.9753333333 5.298660665 5.298660905
0.976 5.109411265 5.109411497
0.9766666667 4.924757304 4.924757527
0.9773333333 4.744757861 4.744758076
0.978 4.569469001 4.569469207
0.9786666667 4.398943879 4.398944076
0.9793333333 4.233232843 4.233233033
0.98 4.072383539 4.072383721
0.9806666667 3.916441007 3.916441181
0.9813333333 3.765447783 3.765447949
0.982 3.619443994 3.619444152
0.9826666667 3.478467452 3.478467602
0.9833333333 3.342553748 3.342553891
0.984 3.21173634 3.211736476
0.9846666667 3.08604664 3.086046769
0.9853333333 2.9655141 2.965514222
0.986 2.850166294 2.85016641
0.9866666667 2.740028994 2.740029104
0.9873333333 2.63512625 2.635126354
0.988 2.53548046 2.535480558
0.9886666667 2.441112443 2.441112536
0.9893333333 2.352041503 2.35204159
0.99 2.268285492 2.268285575
0.9906666667 2.189860876 2.189860954
0.9913333333 2.116782785 2.116782859
0.992 2.049065071 2.049065141
0.9926666667 1.986720356 1.986720422
0.9933333333 1.929760079 1.929760141
0.994 1.878194539 1.878194598
0.9946666667 1.832032936 1.832032992
0.9953333333 1.791283403 1.791283457
0.996 1.755953042 1.755953094
0.9966666667 1.72604795 1.726048
0.9973333333 1.701573243 1.701573292
0.998 1.68253308 1.682533128
0.9986666667 1.668930678 1.668930725
0.9993333333 1.660768324 1.66076837
